;;; Generated exact cover problem
;;; 2023-10-30 00:09:05
;;; N = 20
;;; M = 10
;;; Solution: 8, 11, 6, 19, 2, 9, 18, 5, 15, 7
0 1 1 1 1 1 1 1 1 0 -
0 1 1 1 0 0 1 1 0 1 -
0 0 0 0 1 0 0 0 0 0 -
1 0 0 1 1 1 0 1 1 0 -
1 1 0 0 0 1 0 1 1 0 -
0 0 0 0 0 0 0 1 0 0 -
0 0 1 0 0 0 0 0 0 0 -
0 0 0 0 0 0 0 0 0 1 -
1 0 0 0 0 0 0 0 0 0 -
0 0 0 0 0 1 0 0 0 0 -
1 1 1 1 0 0 1 1 1 0 -
0 1 0 0 0 0 0 0 0 0 -
1 0 1 0 1 0 1 0 1 1 -
1 0 1 1 1 1 1 0 1 0 -
1 0 1 1 1 1 1 1 1 1 -
0 0 0 0 0 0 0 0 1 0 -
1 1 1 1 0 1 0 1 0 1 -
1 1 1 1 0 1 1 1 1 1 -
0 0 0 0 0 0 1 0 0 0 -
0 0 0 1 0 0 0 0 0 0 -
