*********************************
*            PROBLEM            *
*********************************
2023-10-30 00:09:09
Sets: 20
Domain cardinality: 10
#0-> bitarray('0111111110')
#1-> bitarray('0111001101')
#2-> bitarray('0000100000')
#3-> bitarray('1001110110')
#4-> bitarray('1100010110')
#5-> bitarray('0000000100')
#6-> bitarray('0010000000')
#7-> bitarray('0000000001')
#8-> bitarray('1000000000')
#9-> bitarray('0000010000')
#10-> bitarray('1111001110')
#11-> bitarray('0100000000')
#12-> bitarray('1010101011')
#13-> bitarray('1011111010')
#14-> bitarray('1011111111')
#15-> bitarray('0000000010')
#16-> bitarray('1111010101')
#17-> bitarray('1111011111')
#18-> bitarray('0000001000')
#19-> bitarray('0001000000')
*********************************
*            SOLUTIONS          *
*********************************
#solutions: 11
Solutions:
(2, 4, 6, 7, 18, 19)
(5, 7, 11, 13)
(1, 2, 8, 9, 15)
(2, 17)
(2, 5, 6, 7, 8, 9, 11, 15, 18, 19)
(2, 7, 9, 10)
(2, 15, 16, 18)
(3, 6, 7, 11, 18)
(5, 9, 11, 12, 19)
(0, 7, 8)
(11, 14)
*********************************
*         EXPLORED NODES        *
*********************************
#explored nodes: 707
#explorable nodes: 1048575
Ratio of explored nodes:0.0006742483847125861
Explored nodes:
(0,)
(1,)
(1, 0)
(2,)
(2, 0)
(2, 1)
(3,)
(3, 0)
(3, 1)
(3, 2)
(4,)
(4, 0)
(4, 1)
(4, 2)
(4, 3)
(5,)
(5, 0)
(5, 1)
(5, 2)
(5, 3)
(5, 4)
(6,)
(6, 0)
(6, 1)
(6, 2)
(6, 3)
(6, 4)
(6, 5)
(7,)
(7, 0)
(7, 1)
(7, 2)
(7, 3)
(7, 4)
(7, 5)
(7, 6)
(7, 6, 4)
(7, 6, 5)
(8,)
(8, 0)
(8, 1)
(8, 2)
(8, 3)
(8, 4)
(8, 5)
(8, 6)
(8, 6, 5)
(8, 7)
(8, 7, 0)
(8, 7, 5)
(8, 7, 6)
(8, 7, 6, 5)
(9,)
(9, 0)
(9, 1)
(9, 2)
(9, 3)
(9, 4)
(9, 5)
(9, 6)
(9, 6, 5)
(9, 7)
(9, 7, 5)
(9, 7, 6)
(9, 7, 6, 5)
(9, 8)
(9, 8, 2)
(9, 8, 5)
(9, 8, 6)
(9, 8, 6, 5)
(9, 8, 7)
(9, 8, 7, 5)
(9, 8, 7, 6)
(9, 8, 7, 6, 5)
(10,)
(10, 0)
(10, 1)
(10, 2)
(10, 3)
(10, 4)
(10, 5)
(10, 6)
(10, 7)
(10, 8)
(10, 9)
(10, 9, 7)
(10, 9, 7, 2)
(11,)
(11, 0)
(11, 1)
(11, 2)
(11, 3)
(11, 4)
(11, 5)
(11, 6)
(11, 6, 5)
(11, 7)
(11, 7, 5)
(11, 7, 6)
(11, 7, 6, 5)
(11, 8)
(11, 8, 5)
(11, 8, 6)
(11, 8, 6, 5)
(11, 8, 7)
(11, 8, 7, 5)
(11, 8, 7, 6)
(11, 8, 7, 6, 5)
(11, 9)
(11, 9, 5)
(11, 9, 6)
(11, 9, 6, 5)
(11, 9, 7)
(11, 9, 7, 5)
(11, 9, 7, 6)
(11, 9, 7, 6, 5)
(11, 9, 8)
(11, 9, 8, 5)
(11, 9, 8, 6)
(11, 9, 8, 6, 5)
(11, 9, 8, 7)
(11, 9, 8, 7, 5)
(11, 9, 8, 7, 6)
(11, 9, 8, 7, 6, 5)
(11, 10)
(12,)
(12, 0)
(12, 1)
(12, 2)
(12, 3)
(12, 4)
(12, 5)
(12, 6)
(12, 7)
(12, 8)
(12, 9)
(12, 10)
(12, 11)
(12, 11, 9)
(13,)
(13, 0)
(13, 1)
(13, 2)
(13, 3)
(13, 4)
(13, 5)
(13, 6)
(13, 7)
(13, 8)
(13, 9)
(13, 10)
(13, 11)
(13, 11, 7)
(13, 11, 7, 5)
(13, 12)
(14,)
(14, 0)
(14, 1)
(14, 2)
(14, 3)
(14, 4)
(14, 5)
(14, 6)
(14, 7)
(14, 8)
(14, 9)
(14, 10)
(14, 11)
(14, 12)
(14, 13)
(15,)
(15, 0)
(15, 1)
(15, 2)
(15, 3)
(15, 4)
(15, 5)
(15, 6)
(15, 6, 5)
(15, 7)
(15, 7, 5)
(15, 7, 6)
(15, 7, 6, 5)
(15, 8)
(15, 8, 2)
(15, 8, 5)
(15, 8, 6)
(15, 8, 6, 5)
(15, 8, 7)
(15, 8, 7, 5)
(15, 8, 7, 6)
(15, 8, 7, 6, 5)
(15, 9)
(15, 9, 2)
(15, 9, 5)
(15, 9, 6)
(15, 9, 6, 5)
(15, 9, 7)
(15, 9, 7, 5)
(15, 9, 7, 6)
(15, 9, 7, 6, 5)
(15, 9, 8)
(15, 9, 8, 2)
(15, 9, 8, 2, 1)
(15, 9, 8, 5)
(15, 9, 8, 6)
(15, 9, 8, 6, 5)
(15, 9, 8, 7)
(15, 9, 8, 7, 5)
(15, 9, 8, 7, 6)
(15, 9, 8, 7, 6, 5)
(15, 10)
(15, 11)
(15, 11, 5)
(15, 11, 6)
(15, 11, 6, 5)
(15, 11, 7)
(15, 11, 7, 5)
(15, 11, 7, 6)
(15, 11, 7, 6, 5)
(15, 11, 8)
(15, 11, 8, 5)
(15, 11, 8, 6)
(15, 11, 8, 6, 5)
(15, 11, 8, 7)
(15, 11, 8, 7, 5)
(15, 11, 8, 7, 6)
(15, 11, 8, 7, 6, 5)
(15, 11, 9)
(15, 11, 9, 5)
(15, 11, 9, 6)
(15, 11, 9, 6, 5)
(15, 11, 9, 7)
(15, 11, 9, 7, 5)
(15, 11, 9, 7, 6)
(15, 11, 9, 7, 6, 5)
(15, 11, 9, 8)
(15, 11, 9, 8, 5)
(15, 11, 9, 8, 6)
(15, 11, 9, 8, 6, 5)
(15, 11, 9, 8, 7)
(15, 11, 9, 8, 7, 5)
(15, 11, 9, 8, 7, 6)
(15, 11, 9, 8, 7, 6, 5)
(15, 12)
(15, 13)
(15, 14)
(16,)
(16, 0)
(16, 1)
(16, 2)
(16, 3)
(16, 4)
(16, 5)
(16, 6)
(16, 7)
(16, 8)
(16, 9)
(16, 10)
(16, 11)
(16, 12)
(16, 13)
(16, 14)
(16, 15)
(17,)
(17, 0)
(17, 1)
(17, 2)
(17, 3)
(17, 4)
(17, 5)
(17, 6)
(17, 7)
(17, 8)
(17, 9)
(17, 10)
(17, 11)
(17, 12)
(17, 13)
(17, 14)
(17, 15)
(17, 16)
(18,)
(18, 0)
(18, 1)
(18, 2)
(18, 3)
(18, 4)
(18, 5)
(18, 6)
(18, 6, 4)
(18, 6, 5)
(18, 7)
(18, 7, 4)
(18, 7, 5)
(18, 7, 6)
(18, 7, 6, 4)
(18, 7, 6, 5)
(18, 8)
(18, 8, 5)
(18, 8, 6)
(18, 8, 6, 5)
(18, 8, 7)
(18, 8, 7, 5)
(18, 8, 7, 6)
(18, 8, 7, 6, 5)
(18, 9)
(18, 9, 5)
(18, 9, 6)
(18, 9, 6, 5)
(18, 9, 7)
(18, 9, 7, 5)
(18, 9, 7, 6)
(18, 9, 7, 6, 5)
(18, 9, 8)
(18, 9, 8, 5)
(18, 9, 8, 6)
(18, 9, 8, 6, 5)
(18, 9, 8, 7)
(18, 9, 8, 7, 5)
(18, 9, 8, 7, 6)
(18, 9, 8, 7, 6, 5)
(18, 10)
(18, 11)
(18, 11, 5)
(18, 11, 6)
(18, 11, 6, 5)
(18, 11, 7)
(18, 11, 7, 5)
(18, 11, 7, 6)
(18, 11, 7, 6, 3)
(18, 11, 7, 6, 5)
(18, 11, 8)
(18, 11, 8, 5)
(18, 11, 8, 6)
(18, 11, 8, 6, 5)
(18, 11, 8, 7)
(18, 11, 8, 7, 5)
(18, 11, 8, 7, 6)
(18, 11, 8, 7, 6, 5)
(18, 11, 9)
(18, 11, 9, 5)
(18, 11, 9, 6)
(18, 11, 9, 6, 5)
(18, 11, 9, 7)
(18, 11, 9, 7, 5)
(18, 11, 9, 7, 6)
(18, 11, 9, 7, 6, 5)
(18, 11, 9, 8)
(18, 11, 9, 8, 5)
(18, 11, 9, 8, 6)
(18, 11, 9, 8, 6, 5)
(18, 11, 9, 8, 7)
(18, 11, 9, 8, 7, 5)
(18, 11, 9, 8, 7, 6)
(18, 11, 9, 8, 7, 6, 5)
(18, 12)
(18, 13)
(18, 14)
(18, 15)
(18, 15, 5)
(18, 15, 6)
(18, 15, 6, 5)
(18, 15, 7)
(18, 15, 7, 5)
(18, 15, 7, 6)
(18, 15, 7, 6, 5)
(18, 15, 8)
(18, 15, 8, 5)
(18, 15, 8, 6)
(18, 15, 8, 6, 5)
(18, 15, 8, 7)
(18, 15, 8, 7, 5)
(18, 15, 8, 7, 6)
(18, 15, 8, 7, 6, 5)
(18, 15, 9)
(18, 15, 9, 5)
(18, 15, 9, 6)
(18, 15, 9, 6, 5)
(18, 15, 9, 7)
(18, 15, 9, 7, 5)
(18, 15, 9, 7, 6)
(18, 15, 9, 7, 6, 5)
(18, 15, 9, 8)
(18, 15, 9, 8, 5)
(18, 15, 9, 8, 6)
(18, 15, 9, 8, 6, 5)
(18, 15, 9, 8, 7)
(18, 15, 9, 8, 7, 5)
(18, 15, 9, 8, 7, 6)
(18, 15, 9, 8, 7, 6, 5)
(18, 15, 11)
(18, 15, 11, 5)
(18, 15, 11, 6)
(18, 15, 11, 6, 5)
(18, 15, 11, 7)
(18, 15, 11, 7, 5)
(18, 15, 11, 7, 6)
(18, 15, 11, 7, 6, 5)
(18, 15, 11, 8)
(18, 15, 11, 8, 5)
(18, 15, 11, 8, 6)
(18, 15, 11, 8, 6, 5)
(18, 15, 11, 8, 7)
(18, 15, 11, 8, 7, 5)
(18, 15, 11, 8, 7, 6)
(18, 15, 11, 8, 7, 6, 5)
(18, 15, 11, 9)
(18, 15, 11, 9, 5)
(18, 15, 11, 9, 6)
(18, 15, 11, 9, 6, 5)
(18, 15, 11, 9, 7)
(18, 15, 11, 9, 7, 5)
(18, 15, 11, 9, 7, 6)
(18, 15, 11, 9, 7, 6, 5)
(18, 15, 11, 9, 8)
(18, 15, 11, 9, 8, 5)
(18, 15, 11, 9, 8, 6)
(18, 15, 11, 9, 8, 6, 5)
(18, 15, 11, 9, 8, 7)
(18, 15, 11, 9, 8, 7, 5)
(18, 15, 11, 9, 8, 7, 6)
(18, 15, 11, 9, 8, 7, 6, 5)
(18, 16)
(18, 16, 15)
(18, 16, 15, 2)
(18, 17)
(19,)
(19, 0)
(19, 1)
(19, 2)
(19, 3)
(19, 4)
(19, 5)
(19, 6)
(19, 6, 4)
(19, 6, 5)
(19, 7)
(19, 7, 4)
(19, 7, 5)
(19, 7, 6)
(19, 7, 6, 4)
(19, 7, 6, 5)
(19, 8)
(19, 8, 5)
(19, 8, 6)
(19, 8, 6, 5)
(19, 8, 7)
(19, 8, 7, 5)
(19, 8, 7, 6)
(19, 8, 7, 6, 5)
(19, 9)
(19, 9, 5)
(19, 9, 6)
(19, 9, 6, 5)
(19, 9, 7)
(19, 9, 7, 5)
(19, 9, 7, 6)
(19, 9, 7, 6, 5)
(19, 9, 8)
(19, 9, 8, 5)
(19, 9, 8, 6)
(19, 9, 8, 6, 5)
(19, 9, 8, 7)
(19, 9, 8, 7, 5)
(19, 9, 8, 7, 6)
(19, 9, 8, 7, 6, 5)
(19, 10)
(19, 11)
(19, 11, 5)
(19, 11, 6)
(19, 11, 6, 5)
(19, 11, 7)
(19, 11, 7, 5)
(19, 11, 7, 6)
(19, 11, 7, 6, 5)
(19, 11, 8)
(19, 11, 8, 5)
(19, 11, 8, 6)
(19, 11, 8, 6, 5)
(19, 11, 8, 7)
(19, 11, 8, 7, 5)
(19, 11, 8, 7, 6)
(19, 11, 8, 7, 6, 5)
(19, 11, 9)
(19, 11, 9, 5)
(19, 11, 9, 6)
(19, 11, 9, 6, 5)
(19, 11, 9, 7)
(19, 11, 9, 7, 5)
(19, 11, 9, 7, 6)
(19, 11, 9, 7, 6, 5)
(19, 11, 9, 8)
(19, 11, 9, 8, 5)
(19, 11, 9, 8, 6)
(19, 11, 9, 8, 6, 5)
(19, 11, 9, 8, 7)
(19, 11, 9, 8, 7, 5)
(19, 11, 9, 8, 7, 6)
(19, 11, 9, 8, 7, 6, 5)
(19, 12)
(19, 12, 9)
(19, 12, 11)
(19, 12, 11, 9)
(19, 12, 11, 9, 5)
(19, 13)
(19, 14)
(19, 15)
(19, 15, 5)
(19, 15, 6)
(19, 15, 6, 5)
(19, 15, 7)
(19, 15, 7, 5)
(19, 15, 7, 6)
(19, 15, 7, 6, 5)
(19, 15, 8)
(19, 15, 8, 5)
(19, 15, 8, 6)
(19, 15, 8, 6, 5)
(19, 15, 8, 7)
(19, 15, 8, 7, 5)
(19, 15, 8, 7, 6)
(19, 15, 8, 7, 6, 5)
(19, 15, 9)
(19, 15, 9, 5)
(19, 15, 9, 6)
(19, 15, 9, 6, 5)
(19, 15, 9, 7)
(19, 15, 9, 7, 5)
(19, 15, 9, 7, 6)
(19, 15, 9, 7, 6, 5)
(19, 15, 9, 8)
(19, 15, 9, 8, 5)
(19, 15, 9, 8, 6)
(19, 15, 9, 8, 6, 5)
(19, 15, 9, 8, 7)
(19, 15, 9, 8, 7, 5)
(19, 15, 9, 8, 7, 6)
(19, 15, 9, 8, 7, 6, 5)
(19, 15, 11)
(19, 15, 11, 5)
(19, 15, 11, 6)
(19, 15, 11, 6, 5)
(19, 15, 11, 7)
(19, 15, 11, 7, 5)
(19, 15, 11, 7, 6)
(19, 15, 11, 7, 6, 5)
(19, 15, 11, 8)
(19, 15, 11, 8, 5)
(19, 15, 11, 8, 6)
(19, 15, 11, 8, 6, 5)
(19, 15, 11, 8, 7)
(19, 15, 11, 8, 7, 5)
(19, 15, 11, 8, 7, 6)
(19, 15, 11, 8, 7, 6, 5)
(19, 15, 11, 9)
(19, 15, 11, 9, 5)
(19, 15, 11, 9, 6)
(19, 15, 11, 9, 6, 5)
(19, 15, 11, 9, 7)
(19, 15, 11, 9, 7, 5)
(19, 15, 11, 9, 7, 6)
(19, 15, 11, 9, 7, 6, 5)
(19, 15, 11, 9, 8)
(19, 15, 11, 9, 8, 5)
(19, 15, 11, 9, 8, 6)
(19, 15, 11, 9, 8, 6, 5)
(19, 15, 11, 9, 8, 7)
(19, 15, 11, 9, 8, 7, 5)
(19, 15, 11, 9, 8, 7, 6)
(19, 15, 11, 9, 8, 7, 6, 5)
(19, 16)
(19, 17)
(19, 18)
(19, 18, 4)
(19, 18, 5)
(19, 18, 6)
(19, 18, 6, 4)
(19, 18, 6, 5)
(19, 18, 7)
(19, 18, 7, 4)
(19, 18, 7, 5)
(19, 18, 7, 6)
(19, 18, 7, 6, 4)
(19, 18, 7, 6, 4, 2)
(19, 18, 7, 6, 5)
(19, 18, 8)
(19, 18, 8, 5)
(19, 18, 8, 6)
(19, 18, 8, 6, 5)
(19, 18, 8, 7)
(19, 18, 8, 7, 5)
(19, 18, 8, 7, 6)
(19, 18, 8, 7, 6, 5)
(19, 18, 9)
(19, 18, 9, 5)
(19, 18, 9, 6)
(19, 18, 9, 6, 5)
(19, 18, 9, 7)
(19, 18, 9, 7, 5)
(19, 18, 9, 7, 6)
(19, 18, 9, 7, 6, 5)
(19, 18, 9, 8)
(19, 18, 9, 8, 5)
(19, 18, 9, 8, 6)
(19, 18, 9, 8, 6, 5)
(19, 18, 9, 8, 7)
(19, 18, 9, 8, 7, 5)
(19, 18, 9, 8, 7, 6)
(19, 18, 9, 8, 7, 6, 5)
(19, 18, 11)
(19, 18, 11, 5)
(19, 18, 11, 6)
(19, 18, 11, 6, 5)
(19, 18, 11, 7)
(19, 18, 11, 7, 5)
(19, 18, 11, 7, 6)
(19, 18, 11, 7, 6, 5)
(19, 18, 11, 8)
(19, 18, 11, 8, 5)
(19, 18, 11, 8, 6)
(19, 18, 11, 8, 6, 5)
(19, 18, 11, 8, 7)
(19, 18, 11, 8, 7, 5)
(19, 18, 11, 8, 7, 6)
(19, 18, 11, 8, 7, 6, 5)
(19, 18, 11, 9)
(19, 18, 11, 9, 5)
(19, 18, 11, 9, 6)
(19, 18, 11, 9, 6, 5)
(19, 18, 11, 9, 7)
(19, 18, 11, 9, 7, 5)
(19, 18, 11, 9, 7, 6)
(19, 18, 11, 9, 7, 6, 5)
(19, 18, 11, 9, 8)
(19, 18, 11, 9, 8, 5)
(19, 18, 11, 9, 8, 6)
(19, 18, 11, 9, 8, 6, 5)
(19, 18, 11, 9, 8, 7)
(19, 18, 11, 9, 8, 7, 5)
(19, 18, 11, 9, 8, 7, 6)
(19, 18, 11, 9, 8, 7, 6, 5)
(19, 18, 15)
(19, 18, 15, 5)
(19, 18, 15, 6)
(19, 18, 15, 6, 5)
(19, 18, 15, 7)
(19, 18, 15, 7, 5)
(19, 18, 15, 7, 6)
(19, 18, 15, 7, 6, 5)
(19, 18, 15, 8)
(19, 18, 15, 8, 5)
(19, 18, 15, 8, 6)
(19, 18, 15, 8, 6, 5)
(19, 18, 15, 8, 7)
(19, 18, 15, 8, 7, 5)
(19, 18, 15, 8, 7, 6)
(19, 18, 15, 8, 7, 6, 5)
(19, 18, 15, 9)
(19, 18, 15, 9, 5)
(19, 18, 15, 9, 6)
(19, 18, 15, 9, 6, 5)
(19, 18, 15, 9, 7)
(19, 18, 15, 9, 7, 5)
(19, 18, 15, 9, 7, 6)
(19, 18, 15, 9, 7, 6, 5)
(19, 18, 15, 9, 8)
(19, 18, 15, 9, 8, 5)
(19, 18, 15, 9, 8, 6)
(19, 18, 15, 9, 8, 6, 5)
(19, 18, 15, 9, 8, 7)
(19, 18, 15, 9, 8, 7, 5)
(19, 18, 15, 9, 8, 7, 6)
(19, 18, 15, 9, 8, 7, 6, 5)
(19, 18, 15, 11)
(19, 18, 15, 11, 5)
(19, 18, 15, 11, 6)
(19, 18, 15, 11, 6, 5)
(19, 18, 15, 11, 7)
(19, 18, 15, 11, 7, 5)
(19, 18, 15, 11, 7, 6)
(19, 18, 15, 11, 7, 6, 5)
(19, 18, 15, 11, 8)
(19, 18, 15, 11, 8, 5)
(19, 18, 15, 11, 8, 6)
(19, 18, 15, 11, 8, 6, 5)
(19, 18, 15, 11, 8, 7)
(19, 18, 15, 11, 8, 7, 5)
(19, 18, 15, 11, 8, 7, 6)
(19, 18, 15, 11, 8, 7, 6, 5)
(19, 18, 15, 11, 9)
(19, 18, 15, 11, 9, 5)
(19, 18, 15, 11, 9, 6)
(19, 18, 15, 11, 9, 6, 5)
(19, 18, 15, 11, 9, 7)
(19, 18, 15, 11, 9, 7, 5)
(19, 18, 15, 11, 9, 7, 6)
(19, 18, 15, 11, 9, 7, 6, 5)
(19, 18, 15, 11, 9, 8)
(19, 18, 15, 11, 9, 8, 5)
(19, 18, 15, 11, 9, 8, 6)
(19, 18, 15, 11, 9, 8, 6, 5)
(19, 18, 15, 11, 9, 8, 7)
(19, 18, 15, 11, 9, 8, 7, 5)
(19, 18, 15, 11, 9, 8, 7, 6)
(19, 18, 15, 11, 9, 8, 7, 6, 5)
(19, 18, 15, 11, 9, 8, 7, 6, 5, 2)
*********************************
*            MATRIX B           *
*********************************
bitarray('00000001100000000000')
bitarray('00100000110000010000')
bitarray('00001111111100011011')
bitarray('00000011000100000010')
bitarray('00000011000000000011')
bitarray('00000011110111010011')
bitarray('00000001110100010011')
bitarray('00000000111101010011')
bitarray('00000000010100010011')
bitarray('00000000001110010011')
bitarray('00000000000000000000')
bitarray('00000000000011010011')
bitarray('00000000000000000001')
bitarray('00000000000000000000')
bitarray('00000000000000000000')
bitarray('00000000000000001011')
bitarray('00000000000000000010')
bitarray('00000000000000000000')
bitarray('00000000000000000001')
bitarray('00000000000000000000')
*********************************
*             END               *
*********************************
