*********************************
*            PROBLEM            *
*********************************
2023-10-24 16:06:13
Sets: 15
Domain cardinality: 8
#0-> 1 1 1 1 1 1 1 1 
#1-> 1 1 1 1 1 0 0 0 
#2-> 0 0 0 0 0 1 1 0 
#3-> 0 0 0 0 0 0 0 1 
#4-> 1 1 1 1 1 1 1 0 
#5-> 0 0 0 0 0 0 0 0 
#6-> 0 0 0 0 0 0 0 0 
#7-> 0 0 0 0 0 0 0 0 
#8-> 0 0 0 0 0 0 0 0 
#9-> 0 0 0 0 0 0 0 0 
#10-> 0 0 0 0 0 0 0 0 
#11-> 1 1 0 0 1 1 0 0 
#12-> 0 0 1 1 0 0 1 1 
#13-> 0 0 0 1 1 0 0 1 
#14-> 0 0 0 0 0 1 1 0 
*********************************
*            SOLUTIONS          *
*********************************
#solutions: 5
Solutions:
(3, 4)
(1, 2, 3)
(1, 3, 14)
(11, 12)
(0,)
*********************************
*         EXPLORED NODES        *
*********************************
#explored nodes: 71
Explored nodes:
(0,)
(1,)
(1, 0)
(2,)
(2, 0)
(2, 1)
(3,)
(3, 0)
(3, 1)
(3, 2)
(3, 2, 1)
(4,)
(4, 0)
(4, 1)
(4, 2)
(4, 3)
(11,)
(11, 0)
(11, 1)
(11, 2)
(11, 3)
(11, 4)
(11, 5)
(11, 6)
(11, 7)
(11, 8)
(11, 9)
(11, 10)
(12,)
(12, 0)
(12, 1)
(12, 2)
(12, 3)
(12, 4)
(12, 5)
(12, 6)
(12, 7)
(12, 8)
(12, 9)
(12, 10)
(12, 11)
(13,)
(13, 0)
(13, 1)
(13, 2)
(13, 3)
(13, 4)
(13, 5)
(13, 6)
(13, 7)
(13, 8)
(13, 9)
(13, 10)
(13, 11)
(13, 12)
(14,)
(14, 0)
(14, 1)
(14, 2)
(14, 3)
(14, 3, 1)
(14, 4)
(14, 5)
(14, 6)
(14, 7)
(14, 8)
(14, 9)
(14, 10)
(14, 11)
(14, 12)
(14, 13)
*********************************
*            MATRIX B           *
*********************************
0 0 0 0 0 0 0 0 0 0 0 0 0 0 0 
0 0 1 1 0 0 0 0 0 0 0 0 0 0 1 
0 0 0 1 0 0 0 0 0 0 0 0 0 1 0 
0 0 0 0 0 0 0 0 0 0 0 1 0 0 1 
0 0 0 0 0 0 0 0 0 0 0 0 0 0 0 
0 0 0 0 0 0 0 0 0 0 0 0 0 0 0 
0 0 0 0 0 0 0 0 0 0 0 0 0 0 0 
0 0 0 0 0 0 0 0 0 0 0 0 0 0 0 
0 0 0 0 0 0 0 0 0 0 0 0 0 0 0 
0 0 0 0 0 0 0 0 0 0 0 0 0 0 0 
0 0 0 0 0 0 0 0 0 0 0 0 0 0 0 
0 0 0 0 0 0 0 0 0 0 0 0 0 0 0 
0 0 0 0 0 0 0 0 0 0 0 0 0 0 0 
0 0 0 0 0 0 0 0 0 0 0 0 0 0 1 
0 0 0 0 0 0 0 0 0 0 0 0 0 0 0 
