;;; Generated exact cover problem
;;; 2023-10-29 23:56:44
;;; N = 100
;;; M = 15
;;; Solution: 73, 51, 36, 10, 41, 24, 57, 13, 53, 99, 86, 5, 97, 7, 8
0 0 0 0 1 0 1 1 0 1 0 1 1 1 0 -
0 1 1 0 1 1 1 1 1 0 1 0 0 1 1 -
0 1 1 0 0 0 1 0 1 0 0 0 1 1 1 -
1 0 0 1 0 0 1 1 1 1 1 1 1 1 0 -
0 0 0 0 0 1 0 1 0 1 1 1 0 1 1 -
0 0 0 0 0 0 0 0 0 0 0 1 0 0 0 -
0 0 0 0 1 1 1 1 0 0 1 0 1 0 1 -
0 0 0 0 0 0 0 0 0 0 0 0 0 1 0 -
0 0 0 0 0 0 0 0 0 0 0 0 0 0 1 -
0 0 1 0 1 1 0 1 0 1 0 0 0 0 0 -
0 0 0 1 0 0 0 0 0 0 0 0 0 0 0 -
0 1 0 0 1 1 0 0 0 0 0 1 0 0 0 -
0 0 1 0 0 0 0 1 1 0 0 1 0 1 0 -
0 0 0 0 0 0 0 1 0 0 0 0 0 0 0 -
1 0 1 0 0 1 0 0 1 1 1 1 0 1 1 -
1 0 0 0 1 0 1 1 1 0 0 0 1 1 0 -
1 0 0 1 0 1 0 1 1 1 1 1 1 1 1 -
0 1 0 0 1 1 0 1 1 0 1 0 0 0 1 -
0 0 1 0 1 0 0 1 0 0 0 1 0 0 1 -
1 1 0 1 0 1 1 1 1 0 1 0 0 0 0 -
1 1 1 1 1 1 1 0 1 0 0 1 0 1 1 -
1 1 0 0 0 0 1 1 0 0 0 1 0 0 0 -
0 0 0 1 1 0 1 0 1 1 1 1 1 1 0 -
0 0 0 1 1 0 1 1 1 0 0 0 0 1 0 -
0 0 0 0 0 1 0 0 0 0 0 0 0 0 0 -
0 0 1 1 0 0 0 0 0 0 1 1 1 1 0 -
1 1 1 1 1 0 1 1 1 0 1 1 1 1 1 -
0 0 1 1 0 0 1 1 0 0 0 0 1 1 1 -
1 1 0 0 0 1 0 0 1 0 1 0 0 1 1 -
1 1 0 0 1 1 0 1 0 0 0 0 0 0 0 -
0 1 0 0 1 0 1 1 1 1 0 1 1 1 0 -
0 1 1 1 0 1 1 0 1 0 0 0 1 1 1 -
1 1 1 1 0 1 1 0 1 0 0 0 1 0 0 -
1 0 0 1 0 0 1 1 0 0 0 1 0 1 1 -
0 0 1 1 0 0 0 1 1 1 1 0 1 1 0 -
1 0 0 1 1 1 0 1 1 1 1 0 0 0 1 -
0 0 1 0 0 0 0 0 0 0 0 0 0 0 0 -
1 1 0 1 1 1 0 0 0 0 0 0 1 0 0 -
0 1 1 0 1 0 0 0 0 1 1 1 0 1 0 -
0 1 0 1 1 0 1 1 1 1 1 1 0 1 0 -
0 1 1 0 1 1 1 1 1 0 1 1 0 0 1 -
0 0 0 0 1 0 0 0 0 0 0 0 0 0 0 -
1 0 0 1 1 0 0 1 0 0 1 0 0 0 0 -
1 0 1 0 0 0 0 0 0 0 1 1 0 0 0 -
1 1 1 1 1 0 0 1 0 1 0 0 1 0 0 -
1 1 0 1 0 1 1 1 1 1 1 0 1 0 1 -
0 1 1 0 1 1 1 1 0 0 0 0 1 1 0 -
0 1 1 1 1 1 0 0 0 1 0 0 1 1 1 -
0 0 0 1 0 0 1 1 0 1 0 0 0 1 0 -
0 0 0 1 0 0 0 0 0 0 1 1 1 1 0 -
1 0 0 1 0 0 1 1 0 0 0 1 0 0 0 -
0 1 0 0 0 0 0 0 0 0 0 0 0 0 0 -
1 0 1 0 1 1 0 1 1 0 1 1 0 0 0 -
0 0 0 0 0 0 0 0 1 0 0 0 0 0 0 -
0 0 1 0 1 1 0 1 0 0 1 1 0 1 1 -
1 0 0 0 1 0 0 0 0 0 0 1 1 0 1 -
1 1 1 1 0 0 1 0 1 1 0 0 0 1 0 -
0 0 0 0 0 0 1 0 0 0 0 0 0 0 0 -
1 0 1 0 0 0 1 1 1 0 1 0 1 0 0 -
1 1 0 0 0 1 0 1 0 1 1 0 0 1 0 -
1 0 0 0 1 1 0 0 0 1 1 0 1 0 1 -
1 0 0 0 1 0 0 0 1 1 0 1 0 1 0 -
1 1 1 0 1 1 0 1 1 0 0 0 1 1 0 -
1 0 0 1 0 1 1 0 0 1 0 1 1 0 1 -
1 1 0 1 0 0 0 1 0 1 0 1 1 1 1 -
0 0 1 1 0 1 0 1 0 0 0 0 1 0 0 -
0 1 1 0 1 1 0 1 0 0 1 0 1 0 1 -
1 1 0 1 0 0 1 1 0 1 0 0 1 1 0 -
0 0 1 1 0 1 0 1 1 1 1 1 0 0 1 -
1 1 1 1 0 0 1 1 0 0 0 1 1 1 1 -
0 1 1 1 1 0 1 0 0 1 1 0 0 1 0 -
1 1 0 1 1 1 0 0 0 1 1 0 0 1 0 -
0 0 1 0 1 0 0 1 0 1 0 0 1 0 0 -
1 0 0 0 0 0 0 0 0 0 0 0 0 0 0 -
1 1 0 0 1 1 0 1 0 0 1 1 0 0 0 -
0 1 1 1 0 0 1 1 1 1 1 0 0 0 1 -
0 1 0 1 0 1 0 0 0 1 0 1 0 1 1 -
1 0 1 0 1 1 1 0 1 0 0 1 1 0 0 -
1 0 0 0 0 0 0 1 1 0 1 0 1 1 0 -
0 1 0 0 1 1 1 0 1 1 0 0 0 0 0 -
1 1 0 0 0 1 1 0 1 0 0 1 0 0 1 -
1 1 0 0 0 1 0 1 1 1 1 1 0 1 0 -
1 1 0 1 1 1 0 0 0 0 0 0 1 0 1 -
0 0 1 0 1 0 0 1 1 1 1 0 1 0 1 -
0 1 1 0 1 0 0 1 0 1 0 1 1 0 1 -
0 0 1 0 0 0 1 0 0 0 1 1 1 0 1 -
0 0 0 0 0 0 0 0 0 0 1 0 0 0 0 -
1 0 1 1 1 0 0 0 1 1 0 0 0 0 0 -
1 1 0 0 1 1 1 1 0 1 1 0 1 1 0 -
0 0 0 0 0 1 0 0 1 1 0 0 0 0 1 -
1 1 0 1 0 1 0 0 1 0 1 0 0 1 0 -
1 1 0 1 1 0 0 0 0 1 1 1 1 1 0 -
0 0 1 0 0 1 0 0 1 1 1 0 1 0 0 -
0 1 0 0 0 1 0 1 0 1 1 1 1 0 0 -
0 0 0 1 0 1 1 0 0 0 1 0 0 0 0 -
0 0 0 1 0 0 0 0 0 1 0 1 0 0 0 -
1 1 0 1 0 0 0 1 1 0 0 0 0 0 0 -
0 0 0 0 0 0 0 0 0 0 0 0 1 0 0 -
1 0 0 0 1 1 1 0 1 1 1 1 1 0 0 -
0 0 0 0 0 0 0 0 0 1 0 0 0 0 0 -
