*********************************
*            PROBLEM            *
*********************************
2023-10-10 21:16:52
Sets: 8
Domain cardinality: 10
#0-> 1 0 1 0 0 0 0 0 0 1 
#1-> 0 0 0 1 0 0 1 1 1 0 
#2-> 0 1 0 1 0 0 0 1 0 0 
#3-> 0 1 0 0 1 1 0 0 0 0 
#4-> 0 0 0 0 1 1 1 0 1 0 
#5-> 0 1 1 0 0 0 0 0 0 1 
#6-> 1 0 0 0 1 1 0 0 0 0 
#7-> 1 0 0 1 0 0 0 1 0 0 
*********************************
*            SOLUTIONS          *
*********************************
#solutions: 4
Solutions:
(1, 5, 6)
(0, 1, 3)
(4, 5, 7)
(0, 2, 4)
*********************************
*         EXPLORED NODES        *
*********************************
#explored nodes: 40
#explorable nodes: 255
Ratio of explored nodes:0.1568627450980392
Explored nodes:
(0,)
(1,)
(1, 0)
(2,)
(2, 0)
(2, 1)
(3,)
(3, 0)
(3, 1)
(3, 1, 0)
(3, 2)
(4,)
(4, 0)
(4, 1)
(4, 2)
(4, 2, 0)
(4, 3)
(5,)
(5, 0)
(5, 1)
(5, 2)
(5, 3)
(5, 4)
(6,)
(6, 0)
(6, 1)
(6, 2)
(6, 3)
(6, 4)
(6, 5)
(6, 5, 1)
(7,)
(7, 0)
(7, 1)
(7, 2)
(7, 3)
(7, 4)
(7, 5)
(7, 5, 4)
(7, 6)
*********************************
*            MATRIX B           *
*********************************
0 1 1 1 1 0 0 0 
0 0 0 1 0 1 1 0 
0 0 0 0 1 0 1 0 
0 0 0 0 0 0 0 1 
0 0 0 0 0 1 0 1 
0 0 0 0 0 0 1 1 
0 0 0 0 0 0 0 0 
0 0 0 0 0 0 0 0 
