;;; Generated exact cover problem
;;; 2023-10-10 21:22:01
;;; N = 100
;;; M = 15
;;; Solution: 9, 52, 5, 83, 71, 16, 1, 40, 98, 65, 19, 62, 97, 68, 57
1 0 1 1 1 1 1 1 0 1 0 0 1 0 1 -
0 0 0 0 0 0 1 0 0 0 0 0 0 0 0 -
1 0 0 1 1 1 0 1 0 1 0 1 1 0 1 -
0 0 0 0 0 1 1 1 1 0 1 1 1 1 0 -
0 0 1 1 0 1 1 0 0 1 0 1 0 0 1 -
0 0 1 0 0 0 0 0 0 0 0 0 0 0 0 -
1 1 0 1 1 1 0 1 0 1 1 0 0 0 1 -
1 0 1 0 1 0 0 1 1 0 1 0 0 0 0 -
1 1 1 0 0 0 1 1 0 0 0 0 1 0 1 -
1 0 0 0 0 0 0 0 0 0 0 0 0 0 0 -
0 0 0 0 1 1 1 0 0 0 1 0 1 1 0 -
0 0 0 0 0 0 1 1 0 1 1 0 0 1 1 -
0 0 1 1 0 0 1 0 0 0 1 0 0 0 0 -
1 0 0 0 0 0 0 0 1 1 1 1 0 1 1 -
1 1 1 0 0 1 0 1 0 1 0 0 1 1 0 -
1 1 1 1 0 1 1 1 0 0 1 0 0 1 0 -
0 0 0 0 0 1 0 0 0 0 0 0 0 0 0 -
1 1 1 1 1 1 0 1 0 1 0 1 0 0 0 -
0 1 0 1 0 1 1 1 1 1 1 1 1 1 0 -
0 0 0 0 0 0 0 0 0 0 1 0 0 0 0 -
0 0 0 1 0 1 0 1 0 0 1 1 1 1 1 -
0 0 1 1 0 1 1 0 1 1 0 0 0 1 1 -
1 0 0 0 1 0 1 0 0 1 0 1 0 0 1 -
0 0 1 0 1 0 1 0 1 0 1 0 1 0 1 -
0 1 1 0 1 1 1 0 0 0 1 1 0 0 1 -
0 0 1 0 0 0 1 0 0 0 0 1 0 0 1 -
0 1 0 0 0 0 1 1 0 0 0 1 0 0 0 -
1 0 0 1 0 1 0 1 0 0 0 1 0 0 0 -
1 1 1 0 1 0 1 1 0 1 1 1 1 1 0 -
0 1 1 1 0 1 0 1 1 0 1 1 0 0 1 -
1 0 0 0 0 1 0 1 0 1 0 1 0 0 1 -
1 1 1 0 0 1 0 0 1 1 0 0 1 1 1 -
0 1 0 1 0 0 0 1 1 0 1 1 1 1 0 -
0 1 0 1 1 0 1 0 1 0 1 0 1 1 0 -
1 1 0 1 0 1 1 0 1 0 1 0 0 0 0 -
1 1 0 0 1 0 0 1 1 0 1 0 0 0 1 -
0 0 0 0 1 0 1 0 1 0 0 1 1 1 1 -
1 0 1 0 0 1 0 1 0 1 1 1 0 0 1 -
1 1 1 0 0 0 1 0 1 0 0 1 0 0 1 -
0 1 0 1 0 1 1 1 0 0 0 0 1 1 0 -
0 0 0 0 0 0 0 1 0 0 0 0 0 0 0 -
1 1 1 1 0 1 1 0 0 0 1 1 1 0 1 -
0 0 0 0 1 0 1 0 1 0 0 0 1 0 0 -
1 0 1 0 1 0 0 0 0 1 1 1 1 1 0 -
1 1 0 1 0 0 0 1 0 0 1 1 0 1 0 -
1 0 1 1 1 1 0 1 0 0 1 0 0 1 1 -
1 0 1 1 1 0 1 0 0 1 0 1 1 1 1 -
0 0 0 0 1 1 1 1 0 1 1 1 1 1 0 -
1 0 1 1 1 1 0 1 1 0 0 1 1 0 0 -
1 0 0 0 0 1 0 0 1 1 0 1 0 1 0 -
1 1 1 0 0 1 1 0 1 0 1 0 0 1 0 -
0 1 0 1 0 0 1 0 0 1 0 1 1 0 1 -
0 1 0 0 0 0 0 0 0 0 0 0 0 0 0 -
0 0 1 0 1 1 1 0 0 0 0 0 0 1 1 -
0 1 1 0 1 0 1 0 1 0 1 0 1 0 0 -
0 0 0 0 0 1 1 0 1 0 1 0 0 1 0 -
1 0 0 1 1 1 1 1 0 1 1 1 1 0 1 -
0 0 0 0 0 0 0 0 0 0 0 0 0 0 1 -
1 1 0 0 0 0 0 0 1 1 1 1 0 1 1 -
1 1 1 0 0 0 0 0 0 0 0 0 1 0 0 -
0 0 0 1 1 0 1 1 0 0 0 1 0 1 1 -
0 1 0 1 1 1 0 1 0 0 1 1 0 0 0 -
0 0 0 0 0 0 0 0 0 0 0 1 0 0 0 -
0 0 0 0 0 1 1 0 0 0 0 0 1 0 0 -
1 1 1 0 1 1 0 1 0 0 1 1 0 0 1 -
0 0 0 0 0 0 0 0 0 1 0 0 0 0 0 -
0 0 1 1 1 0 0 1 1 1 1 1 0 1 0 -
1 0 1 1 0 1 0 0 1 0 1 0 1 0 1 -
0 0 0 0 0 0 0 0 0 0 0 0 0 1 0 -
0 0 0 0 0 1 0 0 0 1 0 0 0 0 0 -
0 0 1 0 1 1 0 1 1 1 1 0 1 0 0 -
0 0 0 0 1 0 0 0 0 0 0 0 0 0 0 -
0 0 1 1 0 1 1 0 0 1 1 0 0 0 0 -
1 1 1 0 0 0 1 0 1 0 1 1 0 0 1 -
0 0 0 1 1 0 0 0 0 1 0 0 0 0 0 -
1 1 0 1 1 0 1 1 0 0 0 1 0 1 0 -
1 1 0 0 1 1 1 1 0 1 0 1 0 1 1 -
1 1 1 1 1 1 1 1 1 0 1 0 1 1 0 -
0 1 0 1 0 1 1 0 0 1 1 0 1 1 1 -
1 1 0 1 1 1 0 1 0 0 0 1 1 1 0 -
1 1 0 0 1 1 1 0 1 1 1 1 0 1 0 -
1 0 0 0 1 0 0 0 1 1 1 0 1 1 0 -
0 1 1 1 1 0 1 1 1 1 0 0 1 1 1 -
0 0 0 1 0 0 0 0 0 0 0 0 0 0 0 -
0 1 0 0 0 0 0 1 1 0 0 1 0 1 0 -
0 0 1 1 0 1 1 1 1 0 0 1 1 1 0 -
0 1 0 1 1 0 1 1 1 1 0 1 0 1 1 -
0 1 1 0 0 0 0 1 0 1 1 0 1 1 1 -
0 0 1 0 0 1 0 0 0 0 1 0 0 1 1 -
0 1 0 1 1 1 1 1 0 1 1 1 1 0 1 -
1 1 0 1 1 1 1 1 0 0 0 0 0 1 0 -
0 0 0 0 1 1 1 0 1 0 1 1 1 1 0 -
1 1 1 0 0 1 0 1 1 0 1 0 1 0 1 -
1 1 0 0 0 1 1 0 1 0 1 1 0 1 1 -
0 0 0 0 0 0 1 0 1 0 0 1 1 1 0 -
0 1 1 0 1 0 1 1 0 0 1 0 0 0 1 -
1 1 0 0 0 1 1 1 1 0 0 0 0 1 1 -
0 0 0 0 0 0 0 0 0 0 0 0 1 0 0 -
0 0 0 0 0 0 0 0 1 0 0 0 0 0 0 -
0 1 0 1 0 0 0 0 1 1 0 1 0 0 1 -
