;;; Generated exact cover problem
;;; 2023-10-02 12:51:45
;;; N = 1000
;;; M = 25
;;; Solution: 162, 724, 962, 905, 405, 125, 880, 838, 972, 691, 165, 764, 940, 719, 536, 266, 281, 534, 888, 523, 699, 636, 380, 969, 785
0 0 1 0 0 0 0 1 0 0 0 1 0 1 0 0 0 0 0 0 1 1 1 0 1 -
1 1 0 1 0 1 1 1 1 0 1 0 1 0 1 0 1 0 1 0 1 1 1 1 0 -
0 0 0 1 1 1 0 1 1 1 1 0 0 0 1 1 1 1 1 1 0 1 0 0 0 -
1 1 1 1 0 1 0 1 1 0 0 0 1 1 0 1 1 1 0 1 1 1 0 0 0 -
1 0 1 1 0 0 1 1 0 1 1 0 1 0 1 0 0 0 0 1 1 0 0 1 0 -
0 0 1 1 1 0 1 0 0 1 0 0 0 0 1 0 0 0 0 1 0 1 1 1 0 -
1 0 0 0 1 0 1 0 0 0 0 1 0 1 0 1 1 1 0 1 0 0 1 1 1 -
0 0 0 1 0 1 0 0 1 0 1 1 1 0 0 1 1 1 1 1 0 1 0 1 1 -
0 0 1 0 1 0 1 1 1 0 0 1 1 1 1 0 0 1 1 1 1 0 1 0 0 -
1 1 0 0 0 1 0 0 0 0 0 1 1 1 1 0 0 0 1 0 0 1 1 0 1 -
0 1 1 0 1 0 1 1 1 1 1 0 1 0 0 0 1 0 0 1 1 0 1 0 0 -
0 1 1 0 0 1 0 0 1 0 0 1 1 0 0 1 0 0 1 1 0 1 0 1 0 -
1 1 0 0 0 0 1 1 0 0 0 1 0 1 0 1 0 0 1 1 1 1 1 1 1 -
0 1 1 1 1 1 1 1 1 1 0 0 0 0 1 1 1 1 1 0 1 1 0 1 1 -
1 0 1 0 0 1 1 1 1 0 1 0 1 1 0 0 0 0 1 1 0 1 0 1 1 -
1 0 0 0 1 0 0 1 0 1 0 1 1 0 0 0 0 0 1 1 1 0 1 1 1 -
1 0 0 1 1 0 0 1 1 0 1 0 0 1 1 1 1 1 0 1 0 0 1 1 0 -
1 1 0 0 1 1 1 0 1 1 1 1 1 1 1 0 1 1 0 0 0 1 1 1 0 -
1 0 1 0 1 0 0 1 0 0 1 1 1 0 1 0 0 0 0 1 1 0 1 0 1 -
1 0 1 0 0 0 1 1 0 0 0 0 0 1 0 1 0 0 0 0 1 0 0 0 1 -
1 1 1 0 1 1 1 1 1 1 0 1 0 0 0 0 1 1 0 1 0 1 1 0 1 -
0 0 0 1 1 0 0 1 0 1 0 1 1 0 1 1 1 0 0 0 0 1 0 0 0 -
1 0 0 1 0 0 1 1 1 0 1 0 0 1 0 1 1 1 0 1 1 0 1 1 0 -
1 0 0 0 0 1 0 1 0 0 0 0 1 0 1 1 0 0 1 1 0 0 1 0 0 -
0 1 1 0 1 1 0 1 1 1 0 1 1 0 1 0 1 0 1 0 1 1 0 0 1 -
1 1 0 1 0 1 0 1 0 1 0 1 1 0 1 1 0 0 1 0 0 1 1 1 0 -
1 1 0 1 1 1 0 1 1 0 1 1 1 1 0 0 0 1 0 1 1 0 1 1 1 -
0 1 1 0 1 0 0 0 0 0 0 0 1 1 0 1 1 1 0 0 0 1 0 1 0 -
0 0 0 1 0 0 0 1 1 0 0 0 0 0 0 1 1 1 1 0 0 1 0 1 1 -
1 1 0 1 0 0 0 0 1 0 1 1 1 1 0 0 1 1 1 1 0 0 1 0 1 -
0 1 1 0 0 0 1 1 1 0 0 0 0 0 1 1 1 0 1 0 1 1 0 1 1 -
1 0 0 0 0 1 0 1 0 0 0 1 0 0 1 0 1 0 0 1 1 1 0 1 0 -
1 0 0 1 0 0 1 1 1 1 0 1 1 1 1 1 0 0 1 1 0 1 1 0 0 -
0 0 1 0 1 1 0 0 1 1 1 0 0 1 1 0 1 1 1 1 1 0 1 1 1 -
0 0 0 0 0 0 1 0 0 0 0 1 1 1 0 0 0 1 1 1 0 1 0 1 1 -
0 1 1 1 0 1 0 0 0 1 0 1 1 0 1 1 1 1 0 0 1 0 1 1 0 -
1 1 0 1 0 0 0 0 1 1 1 0 1 1 0 1 0 1 0 1 1 1 1 1 0 -
0 0 1 0 1 1 0 0 1 1 1 0 1 1 1 1 1 0 0 1 1 0 0 1 1 -
0 1 0 1 1 1 0 0 0 0 1 1 0 1 0 1 0 0 1 1 1 1 0 0 1 -
0 0 1 1 0 1 1 1 0 0 0 0 0 1 0 1 0 1 0 0 1 1 1 1 1 -
1 0 1 1 0 1 0 0 1 1 0 0 1 0 1 1 1 1 1 1 0 0 0 1 1 -
1 1 0 1 0 0 1 1 1 1 1 0 0 0 0 0 1 0 0 1 1 0 1 0 1 -
0 0 0 0 1 0 0 1 1 0 1 0 0 0 1 0 0 0 1 1 1 0 0 1 0 -
0 0 0 1 0 0 0 1 1 1 1 0 1 0 1 0 0 0 0 1 1 0 1 1 0 -
1 0 0 0 0 0 1 0 1 1 1 1 0 1 1 1 1 1 1 0 0 0 0 0 0 -
1 0 0 1 0 1 0 0 1 1 0 0 0 0 1 1 0 0 1 0 1 0 1 1 1 -
1 0 0 1 1 1 0 1 0 1 1 1 1 1 1 0 1 1 1 1 1 0 0 0 1 -
1 0 1 1 1 0 1 1 0 0 0 0 1 1 1 0 1 1 1 1 1 1 0 1 1 -
1 1 0 0 1 1 1 1 0 0 1 0 1 1 0 1 1 0 1 0 0 0 0 1 1 -
0 0 1 0 0 0 1 1 1 0 0 0 1 0 0 1 0 1 0 1 0 1 1 0 0 -
0 1 0 1 1 0 0 1 0 0 0 0 1 1 1 0 1 1 0 0 0 1 1 1 1 -
1 1 0 1 0 1 1 0 0 0 0 0 1 1 0 1 0 0 0 0 1 1 0 1 1 -
1 0 1 0 0 1 0 0 0 1 1 0 1 0 0 0 1 0 1 1 0 1 0 0 0 -
1 1 0 0 0 0 1 1 0 1 1 1 1 0 0 1 0 1 0 0 1 0 1 1 0 -
0 1 0 1 0 1 1 0 0 1 0 0 0 1 0 1 1 0 1 0 0 0 0 0 0 -
0 0 0 1 0 0 1 0 1 0 1 0 0 1 0 0 1 0 0 1 0 1 1 0 0 -
0 0 1 0 1 1 0 0 0 1 0 1 1 0 0 0 0 1 1 0 1 0 1 0 1 -
1 0 1 0 1 1 0 1 0 1 0 0 0 1 0 1 0 0 1 1 1 0 1 1 0 -
0 0 1 0 0 0 0 0 0 1 0 0 0 0 1 1 0 0 1 1 0 0 0 0 1 -
0 1 1 1 0 0 1 0 1 1 1 0 0 0 1 1 0 1 1 0 1 1 1 0 1 -
1 1 1 0 1 0 1 1 1 0 1 0 1 0 0 0 1 1 1 0 1 0 0 0 1 -
1 1 1 1 1 0 1 0 0 1 1 1 0 1 0 1 0 0 1 0 1 0 0 0 1 -
1 1 0 0 0 0 0 0 0 0 1 0 1 1 1 0 1 1 1 1 1 0 0 1 1 -
1 1 1 0 1 0 1 1 0 0 1 1 0 1 1 1 0 0 0 1 1 0 1 1 1 -
0 1 0 0 1 0 0 0 1 0 0 0 1 0 0 1 1 1 1 0 0 1 0 1 0 -
1 0 0 0 0 0 1 1 1 0 0 1 1 0 0 0 1 1 1 0 1 1 1 1 1 -
1 0 0 0 1 0 1 1 1 1 0 1 0 0 1 1 1 1 1 1 0 0 0 0 0 -
1 0 0 0 0 1 0 0 1 0 1 0 1 0 0 0 1 1 1 0 1 0 1 0 0 -
0 0 1 0 0 0 1 0 0 0 1 1 0 1 1 0 1 0 1 1 0 1 1 1 1 -
0 1 1 0 1 1 0 1 0 1 1 0 0 1 1 1 0 0 0 0 1 1 0 1 0 -
0 1 1 1 1 0 1 0 1 1 1 1 0 0 0 1 1 1 0 0 0 1 0 1 1 -
0 1 1 1 1 0 1 0 1 0 0 0 0 1 1 0 1 1 0 1 0 1 1 0 1 -
1 0 1 1 1 0 0 1 0 0 0 1 1 1 0 0 0 0 0 1 0 1 0 0 0 -
0 1 1 1 1 1 1 1 1 1 1 1 1 1 1 1 1 0 0 1 1 1 0 1 0 -
1 1 1 0 1 1 0 1 0 1 0 0 0 1 0 1 0 0 1 1 0 0 0 0 0 -
1 0 1 0 0 0 1 1 0 0 0 1 1 1 1 0 0 0 0 0 1 1 0 1 0 -
1 0 1 1 0 0 0 0 0 1 1 0 0 1 0 0 0 1 0 0 1 0 1 0 0 -
1 0 1 0 1 1 1 0 1 0 0 1 1 1 0 1 0 1 0 0 1 1 0 1 0 -
0 0 1 0 0 0 1 1 1 1 0 0 1 0 0 0 0 1 0 0 0 1 0 1 1 -
0 1 0 1 0 1 1 1 1 1 0 0 0 0 0 0 0 0 0 1 1 1 0 0 0 -
1 1 1 1 0 0 0 1 0 0 1 1 0 1 1 1 1 0 1 1 0 1 0 1 0 -
1 0 1 0 0 1 0 1 0 0 0 0 1 1 0 0 0 1 0 1 0 1 0 0 0 -
0 1 1 1 1 1 0 0 0 1 1 0 0 0 0 1 0 0 1 1 0 1 0 1 1 -
1 1 1 0 1 0 0 1 0 0 0 1 0 0 0 1 0 1 1 0 1 1 0 0 0 -
1 0 1 1 0 0 1 0 0 1 1 0 1 1 0 0 0 0 0 0 0 0 0 1 1 -
1 1 1 0 0 0 1 1 0 1 0 1 0 0 0 0 1 0 0 1 0 0 0 1 0 -
1 1 0 1 1 1 1 0 1 1 1 1 0 1 1 1 0 0 0 0 1 1 0 1 1 -
0 1 0 0 0 1 1 0 0 1 1 0 0 1 0 1 0 1 0 1 0 1 1 0 0 -
1 1 1 0 1 1 1 0 0 0 0 0 1 0 0 1 0 1 1 0 1 1 0 0 1 -
0 1 1 0 1 1 0 1 1 0 1 0 0 0 1 1 0 1 1 0 1 0 0 1 1 -
0 1 0 1 1 0 1 1 1 0 0 0 1 1 0 0 1 1 0 1 0 1 0 0 0 -
1 1 1 0 0 1 1 1 0 0 1 0 0 1 0 1 1 0 1 1 1 1 0 1 1 -
0 1 1 1 0 0 1 1 0 0 1 0 0 0 1 0 1 1 1 0 1 0 1 1 0 -
0 0 0 0 0 1 1 1 1 0 1 0 0 1 1 0 1 1 0 0 0 0 1 1 1 -
0 1 1 0 0 0 1 1 0 0 0 1 1 1 1 0 1 0 1 1 1 0 0 1 1 -
0 1 1 1 0 0 0 1 1 0 0 0 0 1 0 0 0 1 1 1 0 0 0 1 0 -
1 0 0 0 0 1 1 0 1 1 1 0 1 1 0 1 0 1 0 1 0 1 0 0 0 -
1 1 0 0 0 0 0 0 1 1 1 1 1 1 0 0 1 0 0 0 0 1 1 1 0 -
1 1 1 0 0 0 1 0 1 1 0 1 0 0 0 0 1 0 0 1 0 0 0 0 0 -
1 0 1 1 0 1 0 0 0 0 0 1 1 1 0 0 1 1 1 0 1 0 0 1 1 -
1 1 1 1 1 1 1 0 1 1 1 0 1 0 0 0 0 0 0 0 0 0 0 0 1 -
0 1 1 0 0 1 0 1 0 0 0 1 0 0 0 1 0 1 1 1 1 0 0 1 1 -
0 1 0 1 0 1 1 1 0 1 0 1 0 1 1 1 0 0 0 1 1 0 0 1 1 -
0 0 1 0 0 1 1 0 1 1 0 1 1 1 1 1 1 0 0 1 1 1 1 1 1 -
1 0 1 0 1 0 1 1 0 1 1 1 1 0 1 0 0 1 1 1 0 1 1 0 1 -
0 1 1 0 1 0 1 1 1 1 0 0 0 0 1 0 1 0 0 1 0 0 1 0 0 -
0 0 1 1 0 1 0 0 1 0 0 1 0 0 1 0 1 1 0 0 0 0 0 0 1 -
1 1 1 1 1 1 1 1 1 1 1 1 0 0 1 0 1 1 1 0 1 0 1 1 1 -
1 1 1 1 0 0 1 0 1 0 1 0 1 1 0 1 1 0 0 1 1 0 1 0 1 -
0 0 1 0 1 1 1 1 0 1 0 1 0 0 1 0 1 1 1 0 1 0 1 0 0 -
1 1 1 0 1 0 0 0 0 0 0 0 1 0 1 1 1 1 1 0 1 1 0 0 0 -
1 0 0 0 0 0 0 1 1 0 1 1 0 0 1 0 0 0 1 1 0 0 1 0 1 -
1 1 0 1 1 0 0 0 0 1 0 0 1 0 0 1 1 0 1 1 1 1 1 1 1 -
0 0 1 0 0 1 1 1 1 0 0 0 0 0 0 0 0 0 1 1 0 0 1 0 1 -
0 0 0 1 0 1 0 0 0 1 1 1 0 0 1 1 0 1 0 1 1 0 0 0 1 -
0 1 0 0 1 0 1 0 1 0 0 1 0 1 1 1 1 1 1 1 0 0 1 0 0 -
1 0 0 0 0 1 0 0 0 1 1 1 0 0 0 0 1 0 1 1 0 1 0 1 0 -
0 0 1 1 0 0 1 1 1 1 0 0 1 1 0 1 0 0 0 0 0 1 1 1 0 -
1 1 0 1 1 0 1 0 0 0 1 0 1 1 1 0 1 0 0 1 1 1 0 0 1 -
1 1 1 0 0 0 0 0 1 1 1 1 1 0 1 1 0 0 1 0 1 1 1 0 1 -
0 0 1 0 0 1 1 0 1 0 0 1 1 1 1 0 1 1 0 0 0 0 0 1 1 -
1 0 1 1 1 1 0 0 1 1 0 1 0 0 0 0 1 1 0 1 0 1 1 1 0 -
0 1 1 1 0 1 0 1 0 1 0 0 0 0 1 0 1 0 1 0 0 0 0 1 1 -
1 1 0 1 0 1 1 0 0 1 1 0 1 0 1 0 1 0 1 0 1 0 1 1 1 -
1 1 0 1 1 0 0 0 1 1 0 1 0 0 1 0 1 0 1 0 0 0 0 0 0 -
0 0 0 0 0 1 0 0 0 0 0 0 0 0 0 0 0 0 0 0 0 0 0 0 0 -
1 0 1 1 0 1 1 1 0 0 0 1 0 1 0 0 0 1 1 0 0 1 1 1 0 -
1 1 1 0 1 0 1 0 1 1 1 1 1 1 1 1 0 1 0 1 0 1 1 0 1 -
1 1 1 1 1 0 1 1 0 1 1 0 1 1 0 0 1 0 1 1 0 1 0 0 1 -
1 0 0 0 0 0 0 0 0 1 1 0 0 1 1 1 0 1 1 0 1 1 1 1 0 -
1 1 1 1 1 1 0 0 1 1 0 0 1 1 1 0 1 0 1 0 0 0 0 1 0 -
0 0 1 0 0 0 1 1 0 0 0 0 0 1 1 1 1 0 0 1 1 1 0 0 0 -
1 1 1 1 0 0 1 1 0 1 0 0 0 0 1 0 0 1 1 0 0 1 1 1 0 -
1 0 1 1 1 0 0 1 0 1 1 0 0 1 0 1 0 0 1 1 1 0 1 0 1 -
1 1 1 0 0 0 1 1 0 1 1 1 1 0 0 0 1 0 1 0 0 0 1 0 1 -
1 0 1 1 0 1 1 0 1 1 1 1 0 0 0 0 0 0 0 1 1 0 1 0 1 -
0 1 1 0 1 1 1 0 1 1 0 1 1 1 0 0 0 1 1 1 0 1 0 0 1 -
0 0 1 0 1 0 1 0 0 0 1 1 1 0 0 1 1 1 0 1 0 0 1 0 0 -
0 1 0 0 1 1 1 1 1 1 1 0 0 1 0 1 1 1 1 0 1 1 0 0 1 -
0 0 0 0 1 0 0 1 0 0 0 0 1 1 0 0 1 0 0 1 0 1 1 0 0 -
0 1 1 1 1 1 1 0 0 0 0 1 1 0 0 1 0 1 0 1 0 0 1 1 1 -
1 0 0 1 0 0 0 0 0 0 1 0 1 1 0 0 1 1 1 1 1 1 0 1 0 -
1 1 1 0 1 1 1 0 1 0 1 1 0 1 1 0 0 1 1 1 0 0 1 1 1 -
0 0 1 1 0 0 0 0 1 1 1 0 0 0 1 1 0 0 0 1 1 0 1 0 1 -
0 1 1 1 0 1 0 0 0 1 1 1 0 1 1 1 1 0 0 0 0 0 0 1 1 -
1 1 0 1 1 1 1 0 0 1 0 1 1 1 1 1 0 0 0 0 1 1 0 1 1 -
0 1 1 1 1 1 1 0 1 0 0 1 0 0 1 1 0 0 0 1 1 0 1 0 1 -
1 0 0 1 1 0 0 1 0 0 0 0 1 0 0 0 0 0 0 1 1 0 1 1 1 -
0 1 1 1 0 1 1 0 1 1 0 0 1 0 0 1 0 1 0 0 0 0 1 0 0 -
0 0 1 0 0 0 1 1 0 0 1 0 0 1 1 0 0 1 0 0 0 1 0 0 0 -
1 0 1 1 0 1 1 0 0 1 0 1 1 1 1 1 0 1 1 1 1 1 0 1 0 -
1 1 1 0 0 1 1 1 1 0 1 0 1 0 1 0 0 1 1 1 1 1 1 0 0 -
1 0 0 0 0 0 1 0 0 0 1 0 1 1 1 1 1 1 0 0 1 1 0 1 0 -
0 1 0 1 0 0 0 1 0 1 1 0 0 1 0 1 0 1 1 1 0 1 1 0 1 -
1 0 1 0 1 0 1 0 1 1 0 0 1 0 1 1 0 0 0 1 1 0 0 1 0 -
1 0 0 1 1 0 1 1 0 1 0 0 1 1 0 0 0 0 1 1 0 1 0 0 1 -
1 0 1 0 0 0 0 0 0 0 1 1 0 1 1 0 1 1 0 1 0 1 0 1 1 -
0 0 1 1 1 1 1 1 1 1 1 0 1 0 1 0 1 0 0 1 0 0 0 1 1 -
1 0 1 1 0 1 1 1 1 1 0 1 1 0 1 1 1 1 0 0 0 0 0 0 0 -
0 1 0 0 0 1 1 1 1 1 1 1 1 0 0 1 1 0 1 1 1 0 0 1 0 -
1 0 0 1 1 0 0 1 0 1 1 0 0 0 0 0 1 1 0 0 1 0 1 0 0 -
0 0 0 0 0 1 1 0 1 0 0 0 0 0 0 1 1 0 0 0 1 0 0 0 0 -
1 0 0 0 0 0 0 0 0 0 0 0 0 0 0 0 0 0 0 0 0 0 0 0 0 -
0 1 1 0 0 1 0 0 0 0 1 1 0 1 0 1 1 0 0 1 1 0 1 0 1 -
1 0 0 0 1 1 1 0 1 0 1 0 0 0 0 1 1 0 0 1 0 0 1 1 0 -
0 0 0 0 0 0 0 0 0 0 1 0 0 0 0 0 0 0 0 0 0 0 0 0 0 -
1 0 1 1 0 1 1 0 1 1 1 0 0 0 1 1 0 0 0 1 0 0 0 1 1 -
1 0 1 1 0 0 0 0 1 0 1 0 0 0 0 0 1 1 0 1 0 0 0 1 0 -
0 1 1 1 0 1 1 1 1 1 0 1 0 0 1 0 1 0 1 0 0 1 0 1 0 -
1 0 1 1 0 1 0 1 1 0 1 1 1 0 1 1 0 0 1 0 1 1 1 1 1 -
1 0 1 1 1 1 1 0 0 0 0 1 0 1 0 1 0 1 1 1 0 0 0 0 0 -
0 1 1 0 1 1 1 0 0 0 1 0 0 0 0 1 1 1 1 0 1 0 1 1 0 -
0 0 0 0 1 1 1 1 0 1 1 1 1 1 0 1 0 1 0 1 0 0 0 0 1 -
0 1 1 0 0 1 0 1 0 1 1 1 1 0 1 0 1 1 0 1 1 1 0 1 1 -
0 0 0 0 0 1 0 1 1 0 0 1 1 0 1 1 0 0 1 0 0 0 0 1 1 -
0 1 1 1 1 0 1 1 0 1 1 0 1 1 1 1 0 0 1 0 0 1 0 1 1 -
0 1 0 0 0 1 0 1 0 1 1 0 0 0 1 0 0 1 1 1 0 1 1 0 0 -
0 0 1 1 0 1 1 1 0 0 0 1 0 1 0 1 1 1 1 0 1 0 1 1 1 -
1 0 1 1 1 1 0 0 0 0 1 1 0 1 1 0 1 1 1 0 0 1 0 0 1 -
1 0 1 1 0 1 0 1 0 1 0 0 0 1 0 1 1 0 1 1 0 1 0 0 0 -
1 0 1 1 1 1 1 1 0 0 0 0 1 0 1 0 0 0 0 0 1 0 1 0 0 -
1 1 1 1 0 0 0 1 0 0 1 1 1 1 1 0 0 1 1 0 1 0 1 1 1 -
0 0 0 1 1 0 0 1 1 0 0 0 1 1 1 1 0 1 0 1 0 1 0 1 0 -
0 0 1 0 1 0 0 0 1 1 0 1 0 0 1 0 0 0 0 0 1 0 0 1 0 -
1 0 1 0 1 0 0 0 0 0 0 0 0 1 0 0 0 0 1 1 0 0 1 0 1 -
0 1 1 0 1 1 1 1 0 1 0 0 1 0 1 1 1 0 0 1 0 0 0 1 1 -
0 0 0 0 0 1 1 0 0 1 1 1 1 0 1 1 1 1 0 0 0 0 1 1 0 -
0 0 1 0 0 0 0 1 0 0 1 1 0 1 0 0 1 1 1 1 1 1 0 0 0 -
1 1 0 1 0 0 1 1 1 0 1 0 1 1 0 0 0 0 1 1 1 0 0 1 0 -
0 0 0 1 1 0 1 1 0 1 0 0 0 1 1 1 0 1 0 0 0 0 1 0 0 -
1 0 0 0 0 0 0 0 0 1 1 0 0 0 1 0 0 0 1 0 0 0 0 0 1 -
1 1 1 1 1 1 1 0 1 0 0 1 0 0 0 1 0 1 0 0 0 0 1 1 1 -
0 0 1 1 0 0 1 0 1 0 1 0 1 0 1 0 1 1 0 1 0 1 1 0 1 -
1 1 0 0 0 1 1 0 0 0 1 1 1 1 1 1 1 0 0 1 1 1 1 1 0 -
0 1 1 1 0 1 0 1 0 0 0 1 1 0 1 0 0 0 1 0 1 0 0 0 1 -
1 1 1 1 0 1 0 0 0 0 1 0 0 1 1 1 1 0 0 0 0 1 1 1 0 -
1 0 0 0 1 0 1 0 1 0 1 0 0 1 0 1 0 1 1 0 0 0 1 0 1 -
0 1 0 1 1 1 0 0 0 0 0 0 1 1 0 0 1 1 0 0 1 1 1 0 1 -
1 0 1 1 1 0 0 1 0 1 1 0 1 1 0 0 0 1 1 0 1 0 1 1 0 -
1 1 0 0 0 0 1 0 1 0 1 0 1 0 0 1 1 1 1 0 0 1 0 1 1 -
1 1 0 0 0 0 1 1 0 1 1 0 0 1 1 0 0 1 1 1 1 1 1 1 0 -
1 1 0 0 1 0 0 0 0 1 0 0 1 1 0 1 0 0 0 1 1 1 0 1 1 -
0 0 0 1 1 1 0 0 1 0 1 0 0 1 1 0 1 0 0 0 0 1 0 0 1 -
1 0 0 0 0 0 1 0 1 0 0 0 1 1 0 1 0 0 1 0 0 1 1 0 1 -
1 0 1 1 1 0 1 0 0 0 1 1 1 1 1 1 0 0 0 0 0 1 1 0 0 -
0 0 1 1 0 1 1 0 1 1 0 1 0 1 0 0 1 1 0 0 0 1 1 1 1 -
1 0 1 1 0 0 0 0 1 0 0 1 0 0 1 1 1 1 0 0 0 1 1 1 1 -
0 0 0 0 1 0 1 0 1 0 0 1 0 0 1 0 1 1 0 1 0 1 0 0 1 -
1 1 0 0 0 1 0 0 1 0 1 1 0 1 1 1 1 1 1 1 0 1 1 1 0 -
0 1 1 0 0 1 0 1 1 1 0 1 0 1 1 0 1 1 0 1 0 1 1 1 1 -
1 1 1 0 1 1 0 0 1 0 0 1 1 1 1 1 1 1 1 0 0 1 1 1 0 -
1 1 0 1 0 0 0 1 0 1 1 0 1 1 1 0 0 1 0 0 1 1 1 1 0 -
1 0 0 1 1 0 0 0 0 0 0 0 0 1 0 1 1 1 1 0 0 0 0 0 1 -
0 1 0 1 1 1 0 1 1 1 0 1 1 0 0 0 1 1 1 1 1 0 1 1 0 -
1 1 0 1 0 1 1 1 0 1 1 1 0 0 1 0 0 1 0 1 0 0 0 1 1 -
0 0 1 0 0 1 0 0 0 0 1 0 1 1 1 1 1 0 0 0 0 0 1 0 0 -
1 1 1 0 0 0 1 1 0 1 1 1 0 0 0 1 0 1 0 1 1 1 1 1 1 -
0 0 1 0 0 1 0 0 0 0 1 1 0 1 1 1 1 1 0 1 0 1 1 0 0 -
0 1 1 1 1 1 1 1 1 0 1 0 0 1 1 0 0 0 1 0 1 0 0 0 1 -
0 1 0 1 1 1 0 1 1 1 1 1 0 0 0 1 1 0 0 0 0 1 1 1 1 -
1 0 1 1 1 1 1 1 0 0 1 1 0 0 1 1 1 1 1 0 0 0 1 1 1 -
1 0 1 1 1 1 1 0 0 1 1 0 0 1 0 0 0 0 0 0 0 1 1 1 1 -
0 0 1 0 1 1 0 0 1 0 1 0 1 1 1 0 1 0 1 0 1 1 1 0 1 -
0 1 1 0 0 0 0 1 0 1 0 0 1 1 1 1 0 1 1 1 1 1 0 0 1 -
0 0 0 0 0 1 1 0 1 1 1 0 0 1 1 1 0 1 0 1 1 1 1 0 0 -
0 1 1 0 1 0 1 0 1 0 0 0 0 1 0 1 1 1 1 0 0 1 0 0 0 -
1 1 0 0 0 0 0 0 1 0 0 1 1 0 0 0 1 0 1 0 1 0 1 0 0 -
1 0 1 0 1 1 0 1 0 0 1 1 1 1 0 1 0 1 0 1 1 0 1 0 1 -
1 0 0 1 1 0 1 1 1 1 0 0 0 0 0 0 1 0 0 0 0 0 0 1 0 -
1 1 1 1 0 1 1 0 1 1 1 1 1 0 0 0 1 1 1 0 0 0 1 0 0 -
0 0 0 0 1 0 0 1 0 0 0 1 0 1 0 0 0 1 1 0 0 1 0 0 1 -
1 0 0 1 0 0 1 1 1 1 1 0 1 1 0 0 1 0 0 1 0 1 0 1 1 -
0 0 1 1 0 0 1 1 1 1 0 1 1 1 1 1 0 1 0 1 0 1 0 1 0 -
0 1 0 1 1 1 1 1 0 1 1 0 0 0 0 1 0 0 0 1 1 1 0 0 1 -
0 1 1 1 1 0 1 0 1 1 0 0 0 0 0 1 0 1 1 0 1 1 1 0 1 -
1 1 1 1 1 0 0 1 1 1 0 1 0 1 0 1 1 1 0 1 0 1 1 1 1 -
0 1 1 1 1 1 1 0 1 1 0 0 1 1 1 0 0 1 1 0 0 1 0 1 0 -
0 0 0 0 0 0 1 1 1 1 1 1 1 0 1 1 0 1 1 1 0 1 0 1 0 -
0 1 1 1 1 0 1 1 1 1 1 1 0 1 1 1 0 0 1 0 0 0 1 1 1 -
0 0 1 1 0 0 1 1 1 1 1 0 1 1 0 0 1 1 0 0 1 1 0 0 0 -
0 1 0 0 1 0 1 0 1 0 0 1 1 0 1 1 1 0 0 0 1 0 0 0 0 -
1 0 1 1 1 1 0 0 1 0 1 1 0 0 0 1 1 0 0 1 0 1 0 0 1 -
1 0 1 1 1 1 0 1 1 1 0 0 1 1 0 0 1 0 1 1 1 1 1 0 1 -
1 0 0 1 0 1 1 1 0 1 1 0 1 0 0 1 0 0 0 1 0 1 1 1 0 -
1 0 1 1 0 1 1 1 0 0 0 0 0 0 1 1 1 1 1 1 1 0 0 1 0 -
0 1 0 1 1 1 0 1 0 1 1 1 0 1 1 1 0 0 1 0 0 0 0 1 1 -
0 1 1 1 1 0 0 1 0 1 1 1 1 0 0 1 1 0 0 1 0 0 0 1 1 -
1 0 0 1 0 0 0 0 0 1 1 1 1 1 0 1 0 1 0 0 0 1 1 0 1 -
0 1 0 1 0 1 0 1 1 0 0 1 1 1 1 1 0 0 1 0 1 0 0 0 0 -
0 1 1 1 0 0 0 0 0 0 0 1 0 0 1 0 0 0 0 0 1 0 0 1 0 -
0 1 0 1 1 0 1 0 1 1 0 0 1 1 1 0 0 0 0 0 0 1 1 1 0 -
0 1 1 0 0 0 1 0 0 1 1 0 1 0 0 1 0 1 1 1 1 1 0 1 1 -
0 0 0 1 1 0 1 1 1 0 0 0 0 0 1 1 0 1 1 1 0 1 0 0 0 -
1 0 0 0 1 0 0 1 1 1 1 1 1 0 1 1 0 0 1 0 1 1 1 0 1 -
1 0 0 0 0 0 0 0 0 0 1 0 0 1 1 1 1 1 1 0 0 1 0 0 1 -
1 0 1 0 1 1 1 1 0 0 0 1 0 0 0 1 1 1 1 1 0 0 1 0 0 -
0 0 1 1 0 0 1 0 0 1 0 0 1 0 1 1 0 1 1 0 0 1 1 0 1 -
1 0 1 0 1 1 1 0 1 0 0 1 0 1 0 0 1 1 1 1 1 0 1 1 0 -
1 0 0 0 1 0 0 0 0 0 1 1 1 1 0 0 1 0 1 0 1 0 1 1 1 -
0 0 0 1 0 0 0 1 1 0 1 0 1 0 1 0 1 1 0 1 1 0 0 1 0 -
1 0 1 0 0 1 0 0 1 0 0 1 1 1 0 0 1 0 1 0 0 0 0 0 1 -
1 0 1 0 1 0 0 0 0 0 0 1 0 0 1 0 1 1 1 0 0 0 1 1 0 -
1 0 1 1 1 0 1 1 0 1 1 0 1 1 1 0 1 1 0 1 0 0 1 1 1 -
0 1 1 1 1 1 0 1 0 1 1 1 0 0 1 1 1 1 0 0 1 1 1 1 1 -
0 0 0 1 1 1 0 1 0 0 1 1 1 0 0 1 0 1 0 1 0 1 0 1 0 -
0 0 0 1 0 0 0 1 0 0 0 0 0 1 1 0 1 0 1 1 0 0 0 0 1 -
0 0 0 0 0 0 0 0 0 0 0 0 0 0 0 1 0 0 0 0 0 0 0 0 0 -
1 0 1 1 1 0 0 1 1 1 1 0 1 1 0 0 0 0 0 1 0 0 1 1 1 -
1 0 1 1 0 0 0 0 0 0 0 1 0 1 0 0 0 1 1 1 0 1 1 0 1 -
0 1 1 0 0 0 0 1 0 1 1 1 1 1 0 0 0 1 0 0 1 0 1 1 0 -
1 1 0 0 1 1 0 0 1 1 1 0 0 1 1 0 1 1 1 1 1 1 0 0 0 -
1 0 1 0 0 0 1 0 0 0 1 1 1 1 0 0 1 0 0 1 1 1 1 0 0 -
1 0 1 1 1 1 0 1 0 1 0 1 1 0 1 0 1 0 1 0 1 0 1 0 0 -
0 1 1 0 1 0 1 0 1 0 0 0 0 1 0 0 1 1 0 1 0 0 0 0 1 -
1 1 0 0 0 0 1 1 1 1 1 1 0 0 0 1 1 0 1 1 1 1 1 1 1 -
1 1 0 1 1 1 0 1 1 1 1 0 0 1 0 0 0 0 0 1 0 0 1 1 1 -
0 0 0 0 1 1 0 0 0 0 0 0 1 1 0 0 0 0 0 0 1 0 0 0 1 -
1 0 0 0 0 0 0 1 1 0 1 1 1 1 1 1 0 1 1 1 0 1 1 0 1 -
1 1 1 1 1 1 1 1 1 0 1 0 1 0 1 1 0 1 1 1 0 0 1 1 0 -
0 1 0 0 1 1 0 1 1 1 0 1 0 0 0 0 0 0 0 1 0 0 0 1 0 -
0 1 1 1 1 0 0 1 1 1 1 0 1 1 0 0 1 0 0 0 0 0 1 0 1 -
0 0 0 0 0 0 0 0 0 0 0 0 0 0 0 0 1 0 0 0 0 0 0 0 0 -
0 0 0 0 1 1 1 1 1 0 0 0 1 0 1 0 1 1 0 0 1 1 0 1 0 -
0 1 1 0 0 0 0 1 1 0 1 1 0 0 1 0 0 1 1 1 0 0 1 1 1 -
1 0 0 1 0 1 1 0 0 0 1 1 1 1 0 0 1 1 0 1 1 1 0 1 1 -
0 0 1 1 0 0 1 1 0 1 0 0 0 1 0 1 0 1 0 1 1 1 0 1 1 -
1 0 0 0 0 1 1 0 1 0 0 1 1 1 1 1 1 1 0 1 0 0 0 1 1 -
0 0 1 1 1 1 0 0 0 1 1 0 1 0 0 1 1 0 1 1 0 0 1 0 0 -
1 0 0 1 0 0 1 0 1 1 1 0 0 0 0 0 1 0 1 1 1 1 1 0 1 -
1 0 1 1 0 0 0 1 1 0 0 0 1 1 1 0 1 1 1 0 0 1 1 0 1 -
0 0 1 1 0 0 1 0 1 1 1 1 0 1 0 0 1 0 1 0 0 1 0 0 1 -
1 0 1 1 1 1 0 1 1 1 1 1 1 1 1 1 0 1 1 1 0 0 1 1 1 -
1 0 1 0 0 1 1 0 1 0 0 1 1 0 1 0 0 1 0 1 0 0 0 0 0 -
1 1 1 1 0 0 1 1 1 0 1 0 1 0 1 1 1 1 1 1 0 0 1 1 1 -
0 1 0 1 0 0 0 0 1 0 1 1 1 1 1 1 1 1 0 1 1 0 1 0 0 -
0 0 0 1 0 0 0 0 0 0 1 0 1 1 0 1 0 1 1 0 1 1 0 1 1 -
0 1 0 0 1 1 1 0 0 0 1 0 0 0 1 1 1 1 1 1 1 0 1 1 1 -
0 1 0 1 1 1 0 1 0 1 0 0 0 1 1 1 0 0 0 0 1 1 0 1 0 -
0 1 1 1 1 0 0 1 0 1 1 1 1 1 0 1 0 1 0 1 1 0 1 0 1 -
1 1 0 1 0 1 0 0 1 0 0 1 1 1 1 0 1 0 0 1 1 1 1 1 1 -
1 0 1 0 1 0 1 0 1 0 1 1 1 0 1 0 0 1 0 0 1 1 0 1 1 -
1 0 1 0 1 0 0 1 1 1 1 0 1 1 0 1 0 0 1 0 1 0 0 1 0 -
1 1 0 1 0 1 1 1 1 0 0 1 1 0 0 1 0 0 0 1 1 1 1 0 0 -
0 1 1 0 1 1 1 1 1 1 0 1 1 1 0 1 0 0 0 1 1 0 1 0 0 -
0 1 1 1 0 0 1 0 0 0 0 1 1 0 0 1 0 1 1 0 0 0 1 1 1 -
1 1 1 0 1 1 1 0 0 1 1 1 1 0 0 1 1 0 0 0 0 0 0 1 0 -
0 0 1 1 1 1 1 0 1 0 1 0 0 0 0 1 1 0 1 1 1 0 0 0 0 -
0 0 1 0 1 0 1 0 0 0 0 1 0 1 1 0 0 1 1 0 0 0 1 0 1 -
0 1 1 0 1 1 1 0 1 0 1 0 1 1 1 0 0 1 1 1 0 0 1 0 0 -
1 1 0 0 1 0 0 1 1 1 0 0 0 1 0 1 1 0 1 0 0 0 1 0 0 -
0 0 0 1 1 1 1 1 1 1 1 1 1 0 1 1 1 0 0 0 1 1 1 1 1 -
1 0 0 1 0 1 1 1 1 0 0 0 1 0 1 0 0 1 1 1 1 1 0 0 0 -
1 0 0 0 0 0 0 1 0 1 0 0 1 1 0 1 0 1 1 1 1 1 0 0 0 -
0 1 0 0 0 1 0 0 0 0 0 1 1 0 0 1 0 0 0 0 1 1 1 1 1 -
0 0 1 0 1 0 1 1 0 0 0 0 1 1 0 1 0 1 1 0 1 1 1 0 0 -
1 0 0 0 0 1 1 1 1 1 0 1 1 1 1 0 0 0 1 0 1 1 0 0 0 -
1 1 1 0 1 1 1 1 1 0 1 1 1 0 1 0 0 0 1 1 1 0 1 0 0 -
0 0 0 1 0 0 0 0 0 1 0 1 1 1 0 0 0 0 0 1 1 0 0 1 0 -
0 1 0 1 0 1 1 0 0 0 0 1 1 0 0 0 1 1 1 1 1 0 1 0 1 -
1 0 0 0 1 0 1 0 0 0 0 1 1 1 0 0 1 0 0 0 0 0 1 1 0 -
1 1 1 0 0 0 0 0 0 0 1 0 0 1 1 1 1 0 0 1 1 1 1 1 0 -
1 1 1 1 0 1 0 0 1 1 1 0 1 1 0 1 0 1 1 1 1 0 1 1 1 -
0 1 0 1 1 0 0 1 0 0 0 1 0 0 1 0 1 1 0 0 1 1 1 1 1 -
1 0 0 0 1 1 0 1 0 0 1 1 0 1 1 1 0 0 1 0 1 0 0 0 1 -
0 1 0 0 1 0 1 0 1 0 1 0 1 1 0 1 0 0 0 1 1 1 1 0 1 -
0 0 0 1 0 1 1 1 0 0 1 0 0 1 1 0 0 1 1 0 0 1 0 0 1 -
1 1 0 1 0 0 1 0 0 1 1 0 1 0 0 0 1 1 0 0 1 1 1 0 0 -
1 0 0 1 0 1 1 1 1 1 1 0 0 0 1 1 1 1 1 1 1 1 1 1 0 -
1 1 0 0 1 0 0 1 1 0 1 0 0 0 0 1 1 0 0 0 1 0 1 1 1 -
1 1 1 0 1 1 0 0 1 0 1 1 0 1 1 1 1 0 1 1 1 0 1 1 0 -
0 1 1 0 1 1 0 1 1 1 0 1 0 0 1 1 0 0 1 0 1 1 1 0 0 -
0 0 1 0 1 1 1 0 1 1 0 1 1 1 0 0 1 1 0 1 0 0 0 1 0 -
1 1 0 1 0 1 1 1 0 1 0 1 0 1 0 1 0 1 1 1 0 0 1 0 0 -
0 0 1 0 1 0 0 1 0 1 0 1 0 0 1 0 0 1 1 1 1 1 0 0 0 -
0 1 1 1 1 0 1 1 0 0 0 0 1 0 1 0 1 1 1 1 1 0 1 0 0 -
1 1 1 1 0 1 0 0 0 0 1 1 1 0 1 0 0 1 0 1 0 0 0 0 0 -
0 0 0 0 1 0 1 1 1 0 1 0 1 0 0 0 0 1 0 1 0 1 0 0 0 -
1 0 1 1 0 0 1 0 1 0 1 1 1 0 0 1 1 1 1 0 0 1 1 1 0 -
0 1 0 0 0 1 0 1 1 0 1 0 0 0 0 1 1 1 0 1 0 1 1 1 0 -
0 1 1 0 0 1 1 0 1 1 0 1 0 0 0 0 1 1 1 0 1 1 1 0 0 -
1 0 1 1 0 1 1 1 0 1 1 1 0 1 1 1 0 0 1 1 1 0 0 0 1 -
1 0 1 0 1 0 0 0 0 0 1 1 0 0 1 1 0 0 1 0 1 1 1 1 0 -
1 0 0 0 1 1 1 1 1 0 0 1 0 1 0 1 0 1 0 0 0 0 0 1 1 -
1 1 0 1 1 1 0 1 1 0 0 1 0 0 1 0 0 0 1 1 1 0 1 1 1 -
1 0 0 1 0 0 0 0 1 0 0 0 0 1 0 0 0 1 1 0 1 0 1 1 0 -
1 1 1 1 0 0 1 1 1 1 1 1 1 1 1 0 1 0 1 0 0 0 0 1 1 -
0 0 1 0 1 1 0 1 1 0 0 1 0 1 1 0 0 1 1 1 0 0 0 0 0 -
0 1 1 0 1 0 0 1 1 1 0 0 0 0 0 1 1 0 0 0 1 1 1 0 0 -
0 1 1 1 1 1 0 1 1 0 0 0 0 0 0 0 0 1 0 0 0 1 1 1 0 -
1 1 0 1 1 0 0 0 0 0 0 1 1 1 0 0 1 0 0 0 1 1 0 0 1 -
0 0 1 0 1 1 1 1 1 0 0 1 0 0 1 1 1 1 1 1 1 0 0 1 0 -
1 1 0 1 1 1 1 1 0 1 0 0 1 1 0 0 0 0 1 0 1 0 0 1 0 -
0 0 0 0 0 0 1 1 1 0 1 1 0 0 0 1 1 0 1 0 1 0 1 1 1 -
0 0 1 0 0 1 0 1 1 1 1 0 0 1 1 1 0 0 0 0 0 1 0 1 1 -
1 1 1 1 1 1 1 1 1 0 0 0 1 0 1 1 0 0 0 1 1 0 0 1 1 -
0 1 0 1 0 0 0 0 0 1 0 1 1 0 1 0 0 1 1 0 1 1 0 0 1 -
0 1 0 1 1 0 1 1 1 0 0 0 1 0 1 1 1 0 1 1 0 1 1 1 1 -
0 1 1 1 1 1 1 1 1 1 0 0 1 1 1 0 0 0 1 1 0 0 0 1 1 -
1 0 0 1 0 0 1 1 1 0 0 0 1 1 1 1 1 0 1 1 1 1 1 0 0 -
0 0 1 0 1 1 1 0 1 1 1 0 1 0 0 0 0 0 0 1 0 1 1 1 0 -
1 1 1 0 1 0 1 1 0 0 0 0 1 1 0 0 0 1 0 0 1 1 0 1 0 -
1 1 0 1 1 1 0 1 1 0 0 1 1 0 1 0 0 1 1 0 1 1 0 1 0 -
0 1 0 0 1 0 1 0 1 1 1 1 1 0 1 0 1 0 1 0 0 1 0 1 0 -
0 1 0 0 0 1 0 1 1 1 0 0 0 1 0 1 0 0 0 1 0 1 1 1 1 -
1 0 1 0 1 0 0 0 1 0 0 1 1 1 1 0 0 1 0 1 0 0 1 1 0 -
1 0 0 0 1 0 0 0 0 0 1 1 0 1 1 0 1 0 1 1 1 1 0 1 0 -
0 0 0 1 1 0 0 1 0 1 0 0 0 0 1 0 1 0 1 0 0 0 1 0 0 -
0 0 0 0 1 1 1 0 1 0 0 1 1 1 0 1 0 0 0 0 0 0 1 0 1 -
1 0 1 0 1 1 0 1 0 1 1 1 0 0 0 1 0 1 0 1 1 0 1 1 0 -
1 1 1 1 0 1 0 1 1 0 0 0 0 0 0 0 0 1 0 1 1 1 1 1 1 -
1 1 0 1 0 0 0 1 0 1 1 0 0 1 1 0 0 1 0 1 0 0 1 1 0 -
1 0 1 1 0 0 0 1 1 0 1 0 1 1 0 1 0 1 0 1 0 1 0 1 1 -
1 0 1 0 1 1 0 1 0 0 1 0 1 1 1 1 0 0 0 0 0 1 0 0 0 -
1 0 1 0 1 1 1 0 0 1 0 1 0 0 1 0 0 1 0 0 0 0 1 1 1 -
0 0 0 1 0 0 1 0 1 1 1 1 1 1 0 1 1 1 1 0 0 1 1 0 0 -
1 1 0 1 0 0 0 1 1 1 1 0 1 1 0 1 0 1 1 0 0 1 0 1 0 -
0 0 0 0 0 0 0 0 0 1 1 1 1 1 1 1 0 1 0 0 1 0 0 0 1 -
1 0 1 1 0 1 0 1 0 0 0 1 1 1 1 0 1 0 0 1 1 0 1 1 0 -
1 0 0 0 1 1 1 1 1 1 1 0 0 1 1 0 1 1 0 1 0 0 1 0 1 -
0 1 1 1 1 1 0 0 1 0 1 1 1 1 1 1 0 1 1 1 0 0 0 0 0 -
0 0 0 0 0 0 0 0 0 0 0 0 0 0 0 0 0 0 0 0 0 0 1 0 0 -
0 1 0 1 0 0 0 1 1 0 1 0 0 1 0 0 0 0 1 1 0 0 1 1 0 -
1 1 1 0 1 0 0 1 0 1 1 0 1 1 1 0 0 0 1 0 0 1 1 0 1 -
1 0 0 1 1 0 0 1 1 1 0 0 0 1 0 1 0 1 1 0 1 1 1 1 1 -
1 1 0 1 0 1 0 1 0 0 0 0 1 1 1 1 1 1 0 0 0 1 1 0 0 -
1 0 0 0 1 0 0 0 1 1 0 1 1 1 1 1 1 1 0 1 1 1 1 1 0 -
0 0 0 1 0 0 1 1 0 1 1 1 1 0 0 0 0 1 1 0 0 0 0 1 0 -
1 1 1 1 0 1 0 0 0 0 0 1 0 1 0 1 0 0 0 0 0 0 0 0 0 -
1 1 0 1 1 0 1 0 1 1 0 0 1 0 1 0 0 1 1 0 1 1 0 1 1 -
1 0 1 1 1 1 1 1 1 0 0 0 1 0 1 1 1 1 0 0 1 1 1 1 0 -
0 0 0 0 1 1 1 1 1 0 1 1 1 1 0 1 1 1 1 0 1 0 0 1 0 -
1 0 0 1 1 0 0 1 0 0 0 0 0 1 1 1 0 1 1 1 0 0 0 1 0 -
1 1 0 1 0 0 1 1 1 1 0 0 0 1 1 1 1 1 1 0 0 1 1 1 0 -
1 0 1 1 1 1 0 1 1 0 1 1 1 1 0 1 1 1 1 1 0 1 1 1 1 -
0 1 0 0 0 1 1 0 0 1 1 1 0 0 0 1 0 0 1 0 1 0 1 0 0 -
1 1 0 1 1 0 1 0 1 0 1 0 1 0 0 1 0 1 0 1 0 1 1 1 0 -
0 0 0 0 0 0 0 1 1 0 1 0 1 1 1 0 1 1 0 1 0 1 0 0 1 -
1 0 1 0 0 1 0 1 1 0 1 1 1 0 0 1 0 1 0 1 1 0 1 1 0 -
1 0 1 0 1 0 1 1 1 1 1 1 1 0 0 0 1 0 0 1 0 1 0 1 1 -
0 0 1 1 1 0 1 0 0 0 0 0 1 0 0 1 0 0 0 1 0 1 0 0 1 -
1 0 1 1 0 0 1 0 0 1 1 0 0 1 0 1 0 1 0 0 0 0 0 1 1 -
1 1 0 1 0 1 0 0 0 1 1 0 0 0 1 1 0 1 0 1 1 0 1 0 0 -
0 0 0 0 0 1 0 0 1 0 0 0 0 1 1 0 1 1 1 0 1 0 1 1 1 -
0 0 1 1 1 0 1 1 0 0 1 1 1 0 0 1 0 0 0 1 1 1 0 0 1 -
1 1 1 1 0 1 0 0 1 0 0 1 0 0 0 1 1 0 1 1 1 0 0 1 0 -
0 0 0 0 1 0 0 0 0 0 0 0 0 0 0 0 0 0 0 0 0 0 0 0 0 -
0 1 0 0 1 0 1 1 0 0 0 1 0 0 1 0 1 1 1 1 0 1 0 0 0 -
0 1 1 0 0 0 1 1 0 0 1 0 1 0 0 0 1 0 0 1 0 0 1 0 0 -
1 1 0 1 1 0 0 0 0 0 0 0 0 1 1 1 1 0 1 1 0 0 1 0 1 -
0 1 0 1 0 1 1 1 1 0 0 0 0 1 1 0 0 0 1 1 1 1 1 1 0 -
0 0 1 1 0 1 1 1 0 1 1 0 1 1 0 1 1 0 0 0 0 1 0 1 0 -
0 0 1 1 1 1 1 1 1 0 0 1 0 0 1 1 1 1 0 0 1 0 0 1 1 -
1 1 0 0 1 1 0 1 1 0 0 0 0 1 0 0 1 1 0 0 0 1 0 1 0 -
1 0 1 0 0 1 0 0 1 1 1 0 1 1 1 0 1 0 0 0 0 0 1 0 1 -
0 0 0 0 0 0 0 0 1 1 0 1 0 0 1 1 0 1 0 1 1 0 0 1 0 -
1 0 1 1 1 1 0 1 0 0 1 1 0 1 0 1 0 1 0 1 0 1 1 1 1 -
1 0 1 0 0 1 0 0 0 1 0 1 1 0 0 1 0 1 1 1 1 0 0 0 1 -
0 0 1 1 1 1 1 1 1 0 0 1 0 0 0 0 1 1 0 1 0 1 0 0 0 -
0 1 1 0 1 1 0 0 0 0 0 0 1 1 0 1 0 1 1 0 1 1 1 0 1 -
0 0 1 1 1 0 0 0 0 0 0 0 1 1 0 0 0 0 1 0 1 0 0 0 0 -
1 1 1 0 1 1 1 0 0 1 0 1 1 1 1 1 1 1 0 1 0 0 1 1 0 -
0 1 1 1 0 0 0 0 1 1 1 0 0 0 0 1 0 0 0 1 1 1 0 1 0 -
0 1 1 0 0 1 1 1 1 0 1 0 1 0 0 1 1 0 1 1 0 0 1 1 0 -
1 1 0 1 1 0 0 0 0 0 0 0 1 1 0 1 0 1 0 1 0 0 0 1 0 -
1 1 1 0 0 1 0 1 0 1 1 0 0 1 1 0 0 1 0 1 0 1 1 1 1 -
1 1 1 1 1 1 1 0 1 0 0 1 1 1 1 1 0 1 1 1 0 0 1 0 1 -
0 1 1 1 0 0 0 1 1 0 1 0 1 1 0 1 0 0 1 0 1 1 1 0 1 -
1 0 0 0 0 1 1 0 1 1 0 1 1 0 0 1 0 0 0 1 0 1 0 1 1 -
0 1 0 1 1 1 0 0 1 1 1 1 1 0 0 1 0 1 0 0 0 1 1 1 0 -
0 1 0 1 1 1 0 1 1 0 0 0 1 0 0 1 1 1 0 0 1 1 1 0 0 -
1 0 1 0 0 1 1 1 1 0 1 1 1 0 1 1 0 0 1 1 1 1 1 1 0 -
1 1 0 1 1 0 1 1 0 1 0 0 0 1 1 1 1 1 1 0 0 0 1 1 1 -
0 0 0 0 0 0 0 0 0 0 0 1 0 0 1 0 0 0 1 0 0 1 1 0 0 -
0 0 0 1 1 0 1 1 0 0 0 0 1 0 1 0 1 0 1 1 1 0 1 1 1 -
0 1 1 1 1 1 1 0 1 1 1 0 1 0 1 1 0 0 0 1 0 0 1 0 0 -
1 1 1 0 1 0 0 0 0 1 0 0 1 1 0 1 0 1 0 1 1 1 0 0 0 -
1 0 1 1 1 1 0 1 0 0 1 0 1 0 1 1 1 0 1 1 1 1 0 0 1 -
0 1 1 1 0 0 1 0 0 0 1 1 0 1 1 1 0 0 1 1 0 1 1 1 1 -
1 0 0 0 0 0 0 1 0 1 1 1 0 0 1 1 0 0 1 0 1 0 0 1 1 -
1 0 0 1 1 1 1 0 1 0 1 0 1 1 1 1 0 0 1 1 1 0 0 1 1 -
1 1 1 1 1 0 1 1 1 0 0 1 0 0 0 0 0 0 0 1 1 1 1 1 0 -
0 0 1 1 0 0 1 0 1 0 0 0 1 0 1 1 1 1 0 0 1 0 1 1 1 -
0 1 1 1 1 0 0 0 1 1 1 0 1 0 1 0 0 0 0 0 0 1 1 0 0 -
1 1 1 0 0 0 0 0 0 1 0 1 0 1 1 1 1 1 0 0 0 1 0 0 0 -
1 0 1 1 0 1 0 1 0 0 1 0 1 0 1 1 0 1 1 1 0 0 0 1 1 -
1 1 1 1 1 1 1 0 0 1 0 0 1 0 1 0 0 1 0 0 1 1 1 1 0 -
1 0 1 1 1 0 1 1 1 0 0 0 0 0 1 1 1 0 1 1 0 0 0 1 0 -
1 0 0 1 1 1 0 1 0 1 1 1 0 0 1 1 1 0 0 0 0 1 1 1 0 -
1 0 1 1 0 1 1 1 1 1 0 1 1 0 1 0 0 1 1 0 0 0 1 1 0 -
1 1 0 0 1 1 1 1 0 1 1 0 1 1 0 1 0 0 0 0 0 1 1 1 0 -
0 0 1 0 0 1 0 0 1 0 1 1 0 1 1 1 1 1 0 0 1 0 0 1 0 -
0 0 0 0 1 0 1 0 0 0 0 1 1 1 0 0 1 0 1 1 1 0 0 0 1 -
0 1 1 1 1 1 0 1 0 1 0 1 0 0 0 1 1 1 0 1 1 0 1 0 0 -
1 0 0 0 1 1 1 1 0 0 0 0 1 0 1 0 1 1 0 1 0 0 1 0 1 -
1 1 0 1 1 1 0 0 1 0 1 1 0 0 1 0 0 0 0 0 0 1 0 1 0 -
1 0 1 1 0 1 0 1 0 1 0 0 1 1 1 1 1 0 0 1 0 1 1 1 0 -
1 0 1 0 0 0 1 0 1 1 1 0 0 0 1 0 0 1 0 0 1 0 1 0 1 -
0 1 0 1 1 1 0 0 0 0 0 0 0 0 0 0 0 1 1 0 0 0 1 0 0 -
1 0 1 1 1 1 1 1 0 1 1 0 0 1 0 1 0 1 0 0 0 0 1 1 1 -
1 0 1 1 1 0 1 0 0 0 1 0 1 1 1 1 1 0 0 1 1 1 1 1 1 -
0 1 1 1 1 1 0 0 0 0 0 0 0 1 0 1 1 0 0 1 1 0 0 0 1 -
1 0 0 0 0 1 1 0 0 1 0 1 0 1 0 1 0 1 0 0 1 1 0 0 0 -
1 0 0 0 1 1 1 0 0 1 1 0 1 0 1 0 1 1 1 0 1 0 1 1 1 -
0 1 1 0 1 1 1 1 0 1 0 0 0 1 0 0 0 1 0 1 0 0 1 0 1 -
0 0 1 1 1 1 0 1 0 0 0 0 0 1 1 1 0 0 0 1 1 0 0 0 1 -
1 0 0 1 1 1 1 0 0 0 1 0 1 1 0 1 1 0 1 1 1 0 1 0 0 -
1 1 1 1 0 1 1 0 1 1 1 0 1 0 0 1 1 0 1 1 0 0 1 0 1 -
0 0 1 0 1 1 1 0 1 1 1 0 0 1 1 0 0 0 1 0 0 0 0 0 1 -
0 1 0 1 0 0 1 0 1 1 0 0 1 1 0 0 0 0 0 1 0 1 0 0 1 -
0 1 0 1 1 1 1 0 0 0 1 1 1 0 0 1 0 0 1 0 1 0 0 0 0 -
0 0 0 1 1 0 0 0 1 1 1 1 0 1 1 0 0 1 0 1 0 1 0 0 1 -
0 1 1 1 1 1 1 0 0 1 1 1 0 1 1 1 1 0 1 1 0 0 1 1 1 -
1 0 0 1 1 0 1 0 1 1 1 0 1 0 0 0 0 1 0 1 0 1 1 1 1 -
1 1 0 1 1 1 1 0 0 1 1 1 0 1 1 1 1 1 0 0 0 1 0 1 0 -
1 1 0 1 0 1 1 0 0 0 1 1 1 0 1 1 1 1 1 0 0 0 1 0 1 -
1 1 0 0 1 1 0 1 1 1 0 1 1 0 1 1 0 1 1 1 1 0 1 0 1 -
0 1 1 1 0 1 0 0 1 1 1 1 1 0 1 1 1 0 1 0 1 1 0 1 1 -
1 1 0 0 1 0 1 0 0 0 0 0 0 1 0 0 0 0 1 1 0 0 1 0 1 -
1 1 1 0 0 0 1 1 0 1 1 1 1 1 0 1 0 1 0 0 0 1 0 1 1 -
1 0 1 1 0 0 0 0 1 0 1 0 1 1 1 0 0 1 1 0 1 1 0 1 1 -
1 0 0 1 0 1 1 0 1 1 1 1 0 1 0 1 0 0 0 1 0 1 0 1 1 -
1 0 0 0 1 0 1 0 0 1 1 0 0 1 0 0 1 0 1 0 0 0 0 1 0 -
0 1 1 1 0 0 0 1 1 0 1 1 0 1 1 1 0 1 0 0 0 1 1 1 0 -
1 1 1 0 0 1 0 0 1 1 0 1 0 1 0 0 1 1 0 0 1 0 0 1 1 -
1 1 1 0 0 0 1 1 1 0 1 0 0 1 0 1 1 0 1 1 0 0 0 0 1 -
1 0 1 0 0 0 0 0 1 1 0 1 1 0 0 1 1 1 1 0 0 0 1 1 0 -
1 1 1 1 1 1 0 1 1 1 1 1 1 1 1 1 0 0 0 0 1 1 1 1 1 -
1 0 0 0 0 1 0 0 1 0 1 1 1 0 0 0 0 0 0 0 0 1 1 1 1 -
0 1 1 0 0 0 1 1 1 0 0 1 1 1 1 0 1 0 0 1 0 1 1 0 1 -
0 0 0 1 1 1 1 0 1 0 1 0 0 1 0 0 1 0 1 0 1 1 1 1 1 -
0 1 1 1 0 1 0 0 1 0 0 0 0 0 0 0 0 0 0 1 1 0 0 1 1 -
1 1 1 1 0 0 0 1 1 0 1 1 1 0 1 1 1 0 1 1 1 0 0 1 0 -
1 1 1 0 1 1 0 0 0 0 0 0 1 0 0 0 1 0 0 1 1 0 1 1 0 -
0 1 0 1 1 1 1 0 0 1 1 1 1 1 0 1 1 1 1 0 0 0 1 0 0 -
0 1 0 1 0 1 1 0 1 1 1 1 0 0 0 0 1 0 0 1 0 0 0 1 0 -
1 1 0 0 0 1 0 0 1 1 0 1 0 1 0 1 1 0 1 1 1 0 1 0 0 -
0 0 1 1 1 0 1 1 1 0 0 0 1 0 1 0 0 1 1 0 0 0 0 0 0 -
1 0 1 0 0 1 1 0 1 0 0 0 1 1 1 1 0 0 0 0 0 0 0 0 0 -
1 1 1 0 0 0 0 1 1 0 0 0 1 1 1 1 1 1 0 0 1 1 0 1 1 -
1 0 1 0 1 0 1 0 1 0 0 0 0 0 0 0 1 0 1 1 1 1 1 0 0 -
0 1 1 0 1 1 1 0 0 0 1 1 1 0 0 1 0 1 0 0 0 1 0 1 1 -
0 1 0 0 1 1 1 1 1 1 0 0 0 1 1 0 0 0 0 1 1 0 1 1 1 -
0 0 1 1 0 1 1 0 0 1 1 1 1 0 1 0 1 0 0 1 1 1 1 1 0 -
1 1 1 1 0 1 0 1 0 0 0 0 1 0 1 1 1 0 0 1 1 0 0 0 0 -
0 1 1 0 0 0 0 1 1 1 0 0 1 0 0 0 1 0 0 0 1 0 1 1 0 -
0 0 0 0 0 1 1 0 0 1 1 1 1 0 0 0 0 0 1 0 1 0 0 0 0 -
0 0 0 0 1 1 1 0 1 1 1 0 0 1 0 0 1 0 0 0 0 0 0 0 0 -
1 1 0 0 0 0 0 0 0 1 1 1 1 1 0 0 1 1 0 0 0 1 0 1 1 -
0 0 1 0 0 1 0 1 1 0 0 1 1 0 1 1 1 1 1 0 0 0 1 0 1 -
0 0 0 1 1 0 0 1 0 0 0 0 0 1 0 0 1 0 0 1 1 1 1 1 1 -
0 0 0 1 1 0 0 1 0 0 0 0 0 1 0 1 0 0 1 1 0 0 1 0 0 -
0 1 1 0 0 0 0 1 0 0 1 1 1 1 1 0 0 1 0 1 1 0 1 1 0 -
1 1 1 1 1 1 1 0 1 0 1 1 1 0 0 1 1 1 1 1 0 0 0 0 1 -
1 0 0 1 0 0 0 0 1 0 0 0 0 1 0 1 1 1 0 1 0 0 0 0 0 -
1 0 1 0 1 1 1 1 0 0 1 0 1 0 1 0 0 1 0 1 1 1 0 1 1 -
1 0 1 1 1 0 0 1 1 0 1 0 0 0 1 0 1 1 1 0 0 1 0 1 1 -
0 1 1 1 1 1 1 0 1 1 1 1 0 1 1 0 1 0 1 0 0 1 0 0 1 -
0 0 0 1 0 1 0 1 1 0 1 0 0 0 0 1 0 1 1 1 0 0 0 1 0 -
0 0 1 0 1 0 0 0 1 0 0 1 1 0 1 0 1 1 0 0 0 1 1 0 0 -
0 0 1 0 0 1 1 0 0 0 0 1 0 1 1 0 0 1 0 0 1 1 1 0 0 -
0 1 0 0 1 1 0 1 0 0 1 0 1 0 0 0 0 0 0 1 1 0 1 1 1 -
1 1 0 1 0 0 0 0 0 0 0 1 1 1 0 1 0 1 0 1 1 1 1 1 0 -
1 1 0 0 1 0 1 0 1 1 0 0 0 1 1 1 1 1 1 0 0 0 1 1 1 -
0 0 0 0 0 0 0 0 0 0 0 0 0 0 0 0 0 0 0 1 0 0 0 0 0 -
1 1 0 0 1 1 1 0 0 1 0 0 0 1 0 1 1 1 1 0 0 0 0 1 0 -
0 0 0 1 1 0 0 0 1 1 1 1 1 0 1 0 0 0 0 1 1 1 0 1 0 -
0 1 1 1 0 1 0 0 1 0 0 1 0 1 0 0 0 1 1 1 1 0 1 0 1 -
1 1 0 1 0 1 0 1 0 1 0 1 1 0 1 0 1 0 0 0 1 1 1 0 1 -
0 1 0 0 1 1 1 1 1 0 0 1 0 0 1 0 1 0 0 0 0 0 0 0 1 -
0 0 0 1 1 1 0 0 0 0 0 1 1 0 1 1 1 0 1 0 1 1 0 1 1 -
1 1 1 0 1 1 1 1 1 0 0 0 1 0 0 0 0 0 1 1 1 0 0 0 1 -
0 1 0 0 0 1 0 0 1 1 1 1 0 0 0 1 0 0 1 1 1 1 1 1 0 -
1 1 0 1 1 1 1 0 0 0 1 0 1 1 1 1 0 0 1 1 0 0 1 0 1 -
0 1 1 0 0 0 1 1 1 1 1 0 1 1 1 0 1 1 0 1 1 1 1 0 0 -
0 0 0 0 0 0 0 0 0 0 0 0 0 0 0 0 0 1 0 0 0 0 0 0 0 -
1 0 0 1 0 0 1 1 0 0 1 0 1 0 1 1 0 0 1 1 0 0 0 0 1 -
0 0 0 0 0 0 0 0 0 0 0 0 0 0 1 0 0 0 0 0 0 0 0 0 0 -
1 1 0 1 1 0 0 0 0 1 0 1 1 0 0 0 1 0 1 0 1 0 1 0 1 -
1 0 1 1 1 0 0 1 0 1 1 0 1 0 0 0 1 1 1 1 1 1 0 1 0 -
0 1 1 1 1 1 0 0 1 1 0 0 1 1 0 1 1 1 0 1 1 0 0 0 1 -
0 0 1 0 1 1 1 0 1 1 0 1 1 0 0 0 0 0 1 1 1 0 0 1 1 -
1 1 0 1 1 1 0 0 0 1 0 1 0 0 0 0 0 1 0 1 1 1 0 0 0 -
0 0 0 1 1 1 1 0 0 0 0 0 0 0 0 1 1 1 0 0 1 0 1 0 0 -
0 1 0 0 0 1 0 0 0 1 1 0 0 0 1 0 0 0 1 0 1 1 0 1 0 -
0 1 1 0 1 1 0 1 0 0 0 0 0 0 1 0 0 0 0 0 1 1 1 0 1 -
0 0 0 0 0 1 0 1 1 1 1 1 0 0 0 0 1 1 0 1 0 0 1 0 0 -
0 0 0 1 0 0 1 0 0 0 1 1 0 1 0 1 1 0 1 0 1 0 1 0 1 -
0 0 1 0 0 0 1 1 0 0 0 1 1 1 0 0 1 1 1 0 1 0 0 0 1 -
0 1 0 1 0 1 1 1 0 0 0 1 0 1 1 1 1 1 0 0 1 1 0 0 0 -
0 1 0 1 1 0 0 1 1 0 1 0 1 0 0 0 0 0 1 0 1 1 0 1 1 -
0 1 1 1 1 0 1 0 1 1 1 1 0 0 0 0 1 1 0 0 1 0 1 1 1 -
1 0 1 0 1 1 1 0 1 1 1 1 0 0 0 0 0 0 0 1 1 0 0 1 1 -
1 1 1 0 0 1 1 0 0 0 1 1 0 1 0 1 0 1 0 1 0 0 0 0 1 -
1 1 1 1 1 0 1 0 1 1 0 0 0 0 0 0 1 1 0 0 0 0 1 0 1 -
1 0 1 0 1 0 1 0 0 1 1 1 1 1 1 1 0 1 0 0 1 0 0 1 1 -
1 0 0 0 0 1 0 0 0 1 0 1 0 1 1 0 0 1 1 0 1 0 0 0 0 -
1 0 1 0 1 1 1 0 1 1 1 1 1 1 0 1 0 1 1 0 0 0 0 0 0 -
1 0 1 1 0 1 0 0 1 1 0 0 0 1 1 0 1 1 1 1 1 1 1 1 1 -
0 1 1 0 0 0 0 1 0 0 1 0 1 1 1 1 1 1 1 1 1 1 1 1 0 -
0 0 0 0 1 0 0 1 1 1 0 1 1 1 1 0 1 1 0 0 1 1 0 0 0 -
1 0 0 1 0 0 1 1 0 1 0 0 1 0 1 0 0 1 0 1 1 0 1 0 1 -
1 0 0 1 0 1 1 1 0 1 1 0 1 1 1 0 1 1 0 0 0 1 1 0 0 -
1 0 0 1 1 1 1 1 0 0 0 0 0 1 1 1 1 1 1 1 1 1 0 1 0 -
1 0 0 1 1 0 1 1 0 1 0 1 1 0 1 0 0 1 0 0 1 1 0 0 0 -
0 0 0 1 0 1 1 1 1 1 1 1 1 0 1 1 1 1 0 0 0 1 0 0 1 -
0 0 1 1 0 0 0 0 1 0 0 0 0 1 1 0 0 1 0 1 0 0 0 0 0 -
1 1 0 0 0 0 0 1 0 0 1 1 0 0 1 1 1 0 1 1 1 0 1 0 0 -
0 0 1 0 1 1 0 0 0 0 1 1 0 0 1 0 1 0 0 0 1 0 0 1 1 -
1 0 0 0 0 1 1 1 0 1 1 1 1 1 1 1 1 0 0 0 1 0 0 1 1 -
0 0 0 0 0 1 0 0 0 0 1 0 0 0 0 0 1 0 1 0 1 0 0 0 0 -
1 1 1 1 0 0 0 1 1 1 1 1 1 0 0 0 1 1 1 0 1 1 1 0 1 -
1 0 1 1 1 0 1 1 0 0 0 1 1 1 1 1 0 1 0 0 1 0 1 1 0 -
0 1 0 1 1 1 0 0 0 0 0 1 0 0 1 0 1 0 0 1 0 0 0 1 1 -
1 0 0 1 1 1 0 1 0 0 0 0 0 1 0 0 1 0 0 0 0 1 0 0 1 -
1 1 1 1 0 0 1 0 0 0 0 1 0 0 0 1 0 1 1 1 1 0 0 0 0 -
0 1 1 0 1 0 1 0 0 1 0 0 1 1 1 1 0 0 0 1 1 0 0 1 0 -
1 1 0 1 0 1 0 1 1 0 0 1 1 0 1 0 1 0 1 0 1 1 0 1 0 -
1 1 0 0 0 0 1 1 0 0 1 0 0 1 1 1 1 0 0 0 0 0 1 1 0 -
0 1 1 0 1 1 0 0 0 1 1 1 0 0 1 0 0 0 1 1 0 1 1 0 1 -
1 0 1 1 0 0 0 0 1 1 1 0 1 0 0 1 1 0 0 1 0 1 1 1 1 -
1 1 0 0 0 0 1 1 0 1 0 0 0 1 1 0 0 0 0 0 1 1 1 1 0 -
0 1 0 0 0 0 0 0 1 1 0 1 0 1 0 1 0 0 0 0 1 0 1 1 1 -
0 0 0 0 0 0 1 0 0 0 1 0 1 0 0 0 0 1 1 1 0 0 1 1 1 -
1 0 0 0 0 1 0 0 1 1 0 0 1 1 1 1 0 1 0 1 1 1 0 0 1 -
0 0 1 0 0 0 0 1 0 0 0 1 1 0 0 1 0 0 0 0 1 0 1 1 0 -
1 0 0 0 1 0 1 1 1 1 1 1 1 0 1 0 0 1 0 0 1 1 0 0 1 -
1 1 1 0 0 1 1 0 1 0 0 0 1 0 0 1 1 1 1 0 1 0 1 0 1 -
0 1 1 1 1 0 1 0 1 0 1 1 0 1 0 1 0 1 1 0 0 1 1 0 1 -
1 0 1 1 1 1 1 1 1 0 0 1 0 0 1 1 0 1 1 0 1 1 0 0 0 -
0 0 1 1 0 0 1 1 0 0 1 0 1 0 0 1 0 1 1 1 1 1 0 0 0 -
1 1 0 0 1 1 1 0 0 1 0 1 1 1 1 0 1 0 1 1 1 1 0 0 0 -
0 1 1 1 0 1 1 0 1 1 0 1 0 0 0 1 0 1 0 1 0 1 1 1 1 -
0 1 0 0 1 1 1 1 0 0 1 1 0 0 0 1 1 0 0 0 1 0 0 1 1 -
1 0 0 0 1 0 0 0 0 1 0 1 1 0 0 1 1 1 0 0 0 0 1 0 0 -
1 1 0 1 1 0 1 1 1 1 1 1 1 1 0 1 1 1 1 0 1 0 0 1 1 -
0 1 1 1 0 0 1 0 0 1 1 1 1 1 0 0 0 0 0 1 1 1 1 0 1 -
1 0 0 1 0 1 0 1 1 0 1 0 0 0 1 0 1 0 0 0 1 1 1 0 1 -
1 1 1 1 1 1 1 0 0 1 0 1 0 0 1 1 1 0 0 0 1 1 1 0 1 -
1 1 0 1 1 1 1 0 1 1 0 1 1 1 1 1 1 1 0 1 0 1 1 0 0 -
0 1 1 0 0 0 0 1 1 1 0 1 0 0 1 1 0 1 0 1 0 0 1 1 1 -
1 1 0 1 0 0 1 1 0 1 1 1 1 1 1 1 0 1 1 1 1 1 0 0 1 -
0 0 1 1 1 0 1 0 0 0 0 1 1 0 1 1 1 1 0 1 1 0 0 0 1 -
0 1 1 1 1 1 0 1 0 1 0 0 1 0 0 1 1 1 1 1 0 0 1 0 1 -
0 0 0 1 0 1 0 1 0 1 1 0 0 0 1 0 1 1 0 0 1 0 1 0 1 -
1 1 1 1 0 1 1 0 1 1 1 0 0 0 0 1 0 1 1 0 1 1 1 0 0 -
1 1 0 1 1 0 1 0 1 1 0 1 0 0 1 0 0 1 0 0 1 1 0 0 1 -
0 0 0 1 1 1 0 0 0 0 0 1 1 1 0 1 0 0 1 1 0 1 0 1 0 -
1 1 1 1 0 1 1 1 0 0 1 0 0 1 1 1 1 1 1 1 0 1 1 0 1 -
0 1 0 1 0 1 1 1 1 0 1 0 0 1 0 0 0 0 0 0 1 0 1 0 0 -
1 1 1 0 0 0 0 0 1 1 0 0 0 1 0 1 0 0 0 1 1 0 1 0 1 -
1 1 0 0 1 0 1 1 1 0 1 0 0 0 1 0 0 0 1 1 0 0 0 1 0 -
0 0 1 0 0 0 0 1 0 0 0 0 0 1 1 0 0 1 1 0 1 0 1 1 1 -
1 1 0 1 0 0 0 1 1 0 0 0 0 0 1 1 1 0 0 0 0 0 0 0 0 -
0 0 1 0 1 1 0 1 1 0 1 0 0 1 1 1 1 1 1 0 0 1 1 1 0 -
1 1 1 0 1 1 1 1 1 0 1 0 1 0 1 0 0 0 1 1 1 1 1 0 1 -
0 0 1 0 0 0 0 1 1 1 0 0 0 0 1 1 0 1 0 1 1 0 1 1 1 -
1 1 1 0 1 0 0 1 1 1 0 0 0 1 0 1 0 1 0 0 0 0 1 0 0 -
1 0 0 0 0 0 0 0 1 0 0 0 0 1 0 0 1 1 0 0 1 1 0 0 1 -
1 1 1 1 0 0 0 1 0 0 1 0 1 0 1 0 1 0 1 0 1 0 0 1 0 -
0 1 1 0 1 0 0 0 1 0 1 0 0 1 0 0 1 0 1 0 0 0 1 0 0 -
1 0 1 0 0 1 0 1 0 0 1 0 0 1 1 1 1 0 0 0 1 1 1 1 0 -
1 0 1 1 0 0 1 1 0 1 1 0 0 1 1 1 1 1 0 1 0 1 0 1 1 -
0 1 0 1 1 1 1 1 0 0 1 0 0 1 0 0 1 1 0 0 1 1 1 0 0 -
1 0 1 0 1 1 0 0 1 0 0 0 0 1 0 1 1 1 0 0 1 1 0 1 0 -
1 1 0 1 1 1 0 0 0 0 1 0 1 1 0 1 0 1 0 1 1 1 0 0 0 -
0 0 1 1 0 1 0 0 0 0 1 1 0 0 1 1 0 1 1 1 0 0 0 1 0 -
1 1 1 1 1 0 0 1 1 1 0 0 0 0 0 1 1 1 0 1 0 0 1 0 1 -
1 1 0 0 1 0 1 1 1 0 0 1 0 0 1 0 0 1 1 0 0 0 1 0 1 -
0 0 1 0 1 0 1 0 0 0 1 0 1 0 0 0 0 0 1 0 0 0 1 0 0 -
1 1 0 1 0 1 0 1 1 0 1 1 1 0 1 0 0 1 0 0 0 1 0 1 0 -
1 1 0 0 1 1 0 1 0 0 0 0 1 0 0 0 1 0 1 1 1 1 1 0 1 -
1 1 0 0 0 1 0 1 1 1 1 1 0 1 0 0 1 0 0 0 0 0 1 0 1 -
0 1 1 1 0 0 1 1 1 1 0 0 1 0 0 1 1 0 0 0 0 0 0 0 1 -
0 1 0 0 1 1 1 1 1 1 1 0 0 0 0 1 0 0 0 1 0 1 1 0 0 -
0 1 1 1 0 1 1 0 1 0 0 1 0 1 1 1 1 1 0 0 0 0 1 1 1 -
1 1 0 0 0 0 0 0 1 0 1 1 0 0 1 1 1 0 1 1 1 0 0 0 0 -
0 0 0 0 0 0 0 0 0 0 0 0 0 0 0 0 0 0 0 0 0 1 0 0 0 -
0 0 1 0 1 0 0 1 1 0 0 1 1 0 0 1 0 1 1 1 0 0 1 0 1 -
0 1 1 0 1 0 0 1 0 1 0 1 1 0 1 1 0 0 1 1 1 1 0 1 1 -
1 1 1 0 0 0 0 1 1 1 0 0 1 0 0 0 1 0 0 0 1 1 0 1 1 -
0 0 1 0 0 1 0 0 0 1 0 0 0 0 1 1 1 1 1 0 0 1 1 0 1 -
1 1 1 0 1 1 1 1 0 1 0 1 0 1 0 0 0 0 1 0 0 0 1 0 0 -
1 1 1 1 1 0 1 0 1 1 0 0 0 1 1 0 0 0 1 0 1 1 1 0 0 -
1 0 0 1 1 1 1 0 1 0 0 1 0 1 1 0 0 1 1 0 0 0 0 1 0 -
1 0 0 1 0 1 0 0 1 0 1 0 1 0 1 1 1 1 0 0 1 1 0 1 0 -
0 0 0 0 0 0 1 1 0 0 1 0 1 0 0 1 1 0 1 0 0 0 1 0 0 -
1 0 0 1 1 1 0 1 0 1 1 0 0 1 0 0 1 1 0 1 0 1 0 1 1 -
0 1 1 1 0 1 0 0 1 1 0 0 1 1 0 1 0 1 0 1 0 0 0 1 0 -
0 1 0 1 0 0 1 0 1 1 0 0 1 0 1 1 0 0 0 0 0 0 0 1 0 -
0 1 1 0 0 1 1 0 0 1 1 0 0 1 0 0 0 0 1 1 0 1 0 0 0 -
1 0 1 1 0 0 0 1 1 1 1 1 0 1 1 1 1 1 0 1 1 0 0 1 0 -
1 1 0 1 0 0 1 0 1 1 0 0 0 0 1 0 0 1 0 0 0 0 1 1 0 -
0 0 1 0 1 0 0 1 0 0 0 0 1 0 0 0 1 0 1 0 0 1 0 1 0 -
0 1 0 1 1 0 1 0 1 0 1 1 1 1 0 0 0 1 1 0 0 1 1 0 1 -
0 0 0 1 0 0 1 0 1 0 0 1 1 1 1 1 1 1 0 0 0 1 0 0 1 -
1 0 1 0 0 1 0 0 1 0 0 0 1 1 0 1 0 0 1 1 1 0 1 1 0 -
1 1 1 1 0 1 0 1 1 0 0 0 0 0 0 0 1 1 1 0 1 1 0 1 1 -
1 0 1 0 1 0 1 1 1 1 1 1 0 0 1 0 1 1 0 0 0 1 0 0 1 -
1 0 1 0 0 0 0 1 1 1 1 0 0 1 1 0 1 1 0 0 0 0 1 1 0 -
0 0 1 0 1 0 0 0 0 1 1 1 0 0 1 0 1 1 1 1 1 1 0 1 1 -
0 0 1 0 0 0 0 0 0 1 0 1 1 0 1 1 1 0 1 1 0 0 1 0 0 -
1 1 0 0 1 0 0 1 0 1 0 0 0 0 0 0 0 1 0 1 1 1 0 0 1 -
0 0 0 1 0 1 1 0 0 1 0 1 0 0 1 0 0 1 1 1 0 1 1 1 1 -
1 0 0 1 1 1 0 1 1 1 1 0 1 1 1 1 0 0 1 0 0 1 1 0 0 -
0 0 0 1 1 1 1 0 0 1 0 0 1 0 0 0 0 0 1 1 1 0 0 0 0 -
0 1 1 1 1 0 0 1 1 1 0 1 0 0 1 0 1 0 0 1 1 1 0 1 1 -
1 0 1 1 1 1 0 0 0 1 1 1 1 1 1 1 0 1 1 1 0 0 0 1 0 -
1 1 0 0 0 1 0 1 1 1 0 0 1 1 0 1 1 1 0 0 0 0 1 1 1 -
0 1 1 0 1 0 1 0 1 1 1 1 0 1 1 1 0 0 0 0 1 1 0 1 0 -
1 0 1 1 0 1 1 1 1 0 0 0 0 0 1 1 1 1 0 0 0 0 1 1 1 -
1 1 1 1 0 0 0 1 1 1 0 1 0 1 1 0 1 1 1 1 1 0 1 0 1 -
0 0 0 1 0 0 1 1 1 1 0 1 0 0 0 1 0 1 0 1 0 0 1 0 0 -
0 0 0 0 0 1 1 1 1 0 1 0 0 0 1 0 1 1 0 1 0 1 1 1 0 -
1 1 0 1 0 0 0 1 0 0 1 1 1 0 1 1 0 1 1 0 1 0 1 0 1 -
1 1 0 1 1 0 1 1 0 0 0 0 1 1 1 0 1 0 1 1 0 0 0 1 0 -
1 0 1 0 0 0 0 1 0 0 0 0 1 0 1 0 1 1 0 1 1 1 0 1 1 -
0 0 1 0 1 1 1 0 0 1 1 1 1 1 1 1 1 1 0 0 0 0 1 1 1 -
0 0 1 0 0 1 1 1 1 0 0 1 0 0 1 1 0 1 0 1 1 1 0 0 0 -
1 0 0 0 1 0 1 1 1 0 1 1 0 0 1 0 1 0 0 0 0 1 0 1 1 -
0 0 0 1 1 0 0 1 1 1 0 0 1 1 0 0 1 1 1 1 1 1 0 1 0 -
0 0 1 1 1 0 1 0 0 1 0 1 0 1 0 1 1 0 1 1 0 0 0 0 1 -
1 0 1 1 1 0 1 1 1 0 0 1 0 1 0 1 1 1 1 0 1 1 0 1 1 -
1 1 0 0 1 0 1 1 1 0 1 0 0 0 0 0 1 1 0 1 0 0 0 1 1 -
0 1 0 1 0 0 0 0 0 0 0 0 0 0 1 1 0 0 0 0 1 1 1 1 1 -
1 0 1 0 1 1 1 1 0 0 0 1 1 0 0 0 0 0 0 0 0 0 1 0 0 -
1 1 1 0 1 1 1 1 1 1 1 1 0 1 1 1 0 0 0 0 0 0 1 1 1 -
1 0 1 1 1 1 0 0 0 0 0 0 1 1 0 0 1 0 1 0 0 1 1 0 1 -
0 1 1 0 0 0 0 0 0 1 0 1 1 0 0 0 0 1 1 1 1 0 1 0 0 -
0 0 1 0 0 1 1 0 1 0 1 0 0 0 1 1 0 1 0 0 0 1 1 0 0 -
0 0 1 0 1 1 1 0 0 0 0 0 1 0 1 1 0 0 1 0 1 1 0 1 1 -
1 0 0 1 0 0 0 1 0 0 0 0 0 0 1 1 0 0 0 0 0 1 0 0 0 -
0 0 0 0 0 0 0 0 0 1 0 0 0 0 0 0 0 0 0 0 0 0 0 0 0 -
0 1 0 0 0 0 1 1 0 0 1 1 1 1 1 0 1 0 1 0 1 1 1 1 1 -
0 1 0 0 1 0 0 0 0 0 1 1 1 0 0 1 0 1 1 1 0 1 1 0 1 -
1 0 0 0 1 1 0 0 0 1 1 0 1 0 0 1 0 0 0 1 0 0 0 0 1 -
0 1 0 1 0 0 1 1 0 0 1 0 1 1 0 1 1 0 1 0 0 1 1 0 0 -
0 1 1 1 0 0 1 1 0 0 0 1 0 1 0 0 0 1 1 1 1 1 1 1 0 -
0 0 1 0 0 0 1 0 1 1 1 0 0 0 0 0 1 1 0 1 0 0 0 1 0 -
0 0 0 0 1 1 1 0 1 0 0 0 0 0 0 0 1 1 0 1 0 0 0 1 0 -
0 0 0 0 0 0 0 0 0 0 0 0 0 0 0 0 0 0 0 0 1 0 0 0 0 -
1 1 1 0 0 0 0 1 1 0 1 0 1 0 0 0 0 0 1 1 0 0 1 0 0 -
1 1 0 1 0 1 0 0 1 1 0 0 1 0 1 1 0 0 1 1 1 1 1 0 1 -
0 0 1 0 1 0 1 1 0 1 0 0 0 1 1 0 0 0 0 0 0 0 0 0 1 -
1 1 0 0 0 0 1 0 1 1 0 1 1 1 1 1 1 0 1 0 0 0 1 0 0 -
0 0 1 1 1 0 0 1 0 0 0 1 0 0 0 0 1 0 1 0 0 0 1 0 1 -
1 1 1 1 1 1 0 1 1 1 1 0 1 1 1 0 1 0 0 1 1 1 0 0 1 -
0 1 1 0 0 1 0 1 1 1 0 0 0 0 0 0 0 0 1 0 1 1 0 1 0 -
0 1 0 1 1 0 0 0 0 0 0 1 1 1 1 1 0 1 1 1 0 1 1 0 1 -
0 1 0 0 1 0 1 1 1 0 1 0 0 0 0 0 0 1 1 0 0 1 1 1 1 -
0 0 1 0 1 1 0 0 0 1 1 1 1 0 1 1 1 1 0 1 1 1 1 1 0 -
1 1 1 1 1 1 0 0 0 0 1 0 1 0 1 0 1 0 0 1 1 0 0 1 0 -
0 1 1 1 0 0 0 0 1 1 0 0 0 0 0 1 0 0 1 1 0 1 1 0 0 -
0 1 0 0 0 0 1 1 0 1 0 0 1 0 1 1 1 0 1 0 0 1 0 1 1 -
1 0 1 0 1 0 0 0 0 1 1 1 0 0 1 0 1 1 0 1 1 1 0 0 0 -
0 1 0 0 1 1 1 1 1 0 0 0 0 0 1 0 1 1 1 0 1 1 0 1 0 -
1 1 0 0 1 0 0 0 0 0 1 0 0 1 0 0 0 0 0 0 0 1 0 0 1 -
1 0 1 0 1 1 0 0 1 1 1 1 0 0 1 1 1 0 1 0 0 0 0 1 0 -
0 1 1 0 1 1 0 0 1 0 0 0 1 1 1 0 0 0 0 1 1 0 1 0 1 -
1 1 1 1 0 1 1 1 1 0 0 1 1 0 1 1 0 0 0 0 1 1 0 1 1 -
0 0 0 0 0 0 0 0 0 0 0 0 0 1 0 0 0 0 0 0 0 0 0 0 0 -
0 1 1 0 0 1 1 1 0 1 0 0 1 0 1 1 1 0 1 0 1 0 1 0 1 -
0 0 1 0 0 1 1 1 1 1 1 0 0 1 0 0 1 0 1 0 0 0 0 0 1 -
0 0 1 1 1 0 1 0 0 1 1 0 1 0 1 0 1 0 0 1 1 1 0 1 1 -
1 0 0 1 1 0 1 0 1 0 1 0 0 1 0 0 1 0 1 0 1 1 1 0 1 -
0 1 0 0 0 0 0 0 0 0 0 0 0 0 0 0 0 0 0 0 0 0 0 0 0 -
0 1 0 1 0 0 0 0 0 0 0 1 1 0 0 1 0 0 1 0 0 1 1 1 1 -
0 0 1 1 0 1 1 1 1 1 0 1 1 0 0 1 1 0 0 1 1 1 0 1 0 -
1 0 1 1 0 1 0 0 1 1 0 1 0 0 1 1 1 1 0 1 0 1 0 1 1 -
1 0 0 1 1 0 1 0 1 0 1 0 1 0 0 1 0 0 1 0 1 1 0 0 1 -
1 1 0 1 1 1 0 1 1 0 1 1 0 1 0 1 1 0 0 1 1 1 1 1 1 -
0 0 0 1 0 1 1 0 1 0 1 0 0 1 0 1 1 0 1 1 0 1 0 0 1 -
1 0 0 0 0 0 0 1 0 0 1 1 0 1 1 1 1 0 0 1 1 1 1 0 0 -
1 0 1 1 0 1 0 1 0 0 1 1 0 1 0 0 1 0 0 0 1 0 0 1 1 -
1 0 1 0 0 0 0 0 1 0 1 0 0 0 1 0 0 1 1 1 1 1 0 1 1 -
1 0 0 1 0 1 0 1 1 1 1 0 1 1 1 1 0 1 1 0 1 0 0 1 1 -
1 0 0 0 1 0 0 0 1 0 1 1 0 0 0 0 0 0 0 1 1 0 1 0 1 -
1 1 1 1 0 0 0 1 1 1 1 1 0 0 0 0 0 1 0 0 0 1 1 1 0 -
0 0 0 0 1 0 1 0 0 0 0 0 1 1 1 1 1 0 1 1 0 0 1 0 1 -
0 0 0 0 1 0 0 1 0 0 0 1 0 0 0 1 1 1 1 0 0 1 1 0 0 -
0 1 1 0 1 1 0 0 1 1 1 0 0 1 0 1 0 0 0 1 1 1 0 0 0 -
1 0 1 1 1 0 1 0 1 1 0 1 0 0 0 1 0 1 0 1 1 0 0 1 0 -
0 0 0 0 1 0 0 0 0 0 1 1 1 1 0 1 1 1 1 1 1 0 0 0 0 -
1 0 0 0 0 1 0 1 1 0 0 0 1 0 1 1 0 1 1 1 1 0 1 1 0 -
0 1 0 0 0 1 1 1 0 0 1 0 0 0 0 0 0 1 0 0 1 0 0 1 1 -
0 1 0 0 0 1 0 1 0 0 1 0 0 0 0 1 1 0 1 0 1 0 0 1 1 -
1 1 1 0 0 1 0 1 0 1 1 0 1 1 0 1 0 0 0 1 0 1 0 0 0 -
0 0 1 1 0 1 1 1 0 0 0 1 1 1 1 0 1 1 0 0 1 0 1 1 0 -
0 1 1 0 0 0 1 1 1 1 0 1 0 1 0 0 1 0 0 0 0 1 0 1 0 -
1 1 0 0 0 0 1 0 0 1 0 0 0 0 0 1 1 0 0 1 0 1 1 0 0 -
1 1 1 0 1 0 0 1 1 0 1 1 0 0 0 0 0 1 1 1 0 0 1 1 1 -
1 1 1 0 1 1 0 0 1 1 1 0 0 1 0 0 1 0 1 0 0 0 0 1 0 -
1 0 0 1 1 0 0 1 1 1 1 1 0 0 0 1 0 1 0 0 1 0 0 0 0 -
1 0 0 0 0 1 1 1 0 0 1 1 0 1 1 1 1 1 0 0 1 1 1 0 1 -
0 0 1 0 1 1 1 0 1 1 0 0 1 1 1 0 0 1 0 0 0 1 1 1 0 -
1 1 0 1 0 0 0 1 0 1 0 0 1 1 1 1 0 0 0 1 0 0 1 0 0 -
0 1 0 0 1 1 0 0 0 1 0 0 1 1 0 1 0 0 1 1 1 1 0 0 1 -
0 1 0 1 1 1 0 1 0 1 1 1 0 1 1 0 1 0 1 1 1 1 1 0 0 -
1 1 1 1 1 0 1 1 1 0 0 0 1 1 0 1 1 1 1 1 0 1 1 1 0 -
0 0 1 1 1 0 1 0 0 0 0 1 1 1 1 1 1 0 0 1 0 0 0 1 0 -
0 0 0 1 0 0 0 1 1 1 1 1 1 0 0 0 0 1 0 0 0 1 1 0 1 -
1 1 1 1 1 1 0 0 0 0 1 0 1 0 0 0 0 0 0 0 1 1 0 1 0 -
0 1 0 1 1 1 0 0 1 0 1 0 1 1 1 0 0 1 1 0 1 1 0 0 0 -
0 0 0 1 1 0 0 1 1 1 0 1 0 0 0 0 1 1 0 0 1 0 1 1 0 -
1 0 1 1 1 0 1 1 1 1 1 0 0 0 1 0 0 0 0 1 1 1 1 1 1 -
0 0 0 0 0 0 0 0 0 0 0 1 0 0 0 0 0 0 0 0 0 0 0 0 0 -
1 0 0 1 1 1 0 1 0 1 0 0 0 0 0 0 1 0 0 0 1 1 1 0 0 -
0 0 0 1 1 0 1 1 0 0 1 0 0 1 1 0 1 0 1 0 1 1 1 1 1 -
0 1 1 0 0 1 1 1 0 1 0 1 1 0 0 0 1 0 0 1 0 0 0 1 1 -
1 1 1 0 0 1 0 1 0 1 0 1 1 0 1 0 1 1 0 1 0 0 1 0 0 -
0 1 1 1 1 0 0 1 1 1 1 0 0 1 0 0 0 0 0 0 0 0 1 0 1 -
1 1 0 1 0 0 0 0 0 1 0 1 1 0 1 1 1 1 1 0 1 0 0 0 1 -
0 0 1 1 1 1 0 1 1 0 1 1 1 1 0 1 1 0 0 0 1 1 1 0 1 -
1 0 1 0 0 1 0 0 0 0 0 1 1 1 0 1 1 0 0 1 1 0 1 1 1 -
1 0 1 0 0 1 1 1 0 0 0 0 0 0 0 0 1 1 1 0 1 0 1 0 1 -
1 0 1 1 1 1 0 0 1 0 0 1 0 1 0 0 0 0 1 1 0 1 0 0 0 -
0 1 0 1 1 1 1 1 0 0 0 1 0 1 0 1 1 1 0 1 0 1 0 0 1 -
1 1 0 1 0 0 0 1 1 0 0 1 1 0 0 1 0 1 0 1 1 1 1 0 1 -
1 0 0 1 1 0 0 1 0 0 1 1 1 0 0 1 0 1 0 0 0 0 0 0 1 -
0 1 0 1 1 1 0 0 0 0 0 1 0 1 1 1 1 0 0 1 1 1 0 1 0 -
0 0 1 0 0 0 1 0 1 0 0 0 1 0 1 0 1 0 1 1 0 1 1 1 0 -
0 0 0 0 0 1 1 1 0 0 1 0 0 1 0 0 1 0 0 1 1 1 1 0 0 -
0 0 0 0 0 0 0 1 1 1 1 1 0 0 1 1 1 0 1 1 1 1 1 1 1 -
1 1 0 1 1 1 0 1 0 1 1 1 1 0 0 1 1 1 0 1 0 0 1 0 0 -
0 0 1 1 1 1 0 1 1 0 1 0 1 0 1 0 0 0 0 1 1 1 0 1 0 -
1 1 1 0 0 0 0 1 0 1 0 0 0 1 0 0 0 1 1 1 0 1 0 1 1 -
0 0 0 0 0 0 0 0 0 0 0 0 0 0 0 0 0 0 0 0 0 0 0 0 1 -
1 1 0 0 1 1 0 1 1 1 1 0 1 0 1 1 0 1 1 1 1 1 0 0 0 -
1 0 0 1 1 1 1 0 0 1 0 1 1 0 1 0 0 0 1 0 0 1 1 1 1 -
0 1 1 0 1 1 0 1 1 0 0 1 1 0 1 1 0 1 1 1 0 1 1 0 0 -
1 0 0 1 1 0 1 1 0 0 0 0 0 0 1 0 1 0 1 0 1 0 1 1 0 -
1 0 1 0 1 1 0 0 1 0 0 0 0 1 0 1 1 0 0 0 0 0 1 0 1 -
1 1 0 1 1 0 0 0 0 0 1 0 0 0 1 0 1 0 1 1 1 0 1 0 1 -
1 1 0 1 0 1 0 1 0 1 1 1 0 0 1 1 1 0 1 1 1 0 0 0 0 -
0 0 0 0 1 1 1 0 0 1 0 1 1 0 1 0 0 1 1 0 1 1 0 1 0 -
1 0 0 1 1 1 1 1 0 1 1 0 1 1 0 1 1 0 1 0 1 0 1 0 0 -
0 1 1 1 0 0 0 0 1 1 0 1 0 1 0 1 0 0 1 1 1 0 1 1 0 -
0 0 0 0 1 0 1 0 1 1 1 1 1 1 1 0 0 1 0 0 0 0 0 0 0 -
1 0 0 0 1 0 1 0 1 0 0 1 0 0 0 0 1 1 0 1 0 1 1 1 1 -
0 0 1 1 0 0 1 0 1 1 1 0 0 0 0 1 1 1 1 0 0 1 0 0 1 -
0 1 0 0 0 0 0 0 1 0 1 1 1 0 0 0 0 0 0 1 0 1 1 1 0 -
1 1 1 0 1 1 1 0 0 1 1 1 0 1 1 1 0 1 1 0 0 0 0 1 0 -
1 1 1 0 1 0 1 0 0 1 1 1 1 0 0 0 1 1 1 0 0 1 0 1 0 -
0 0 0 0 1 0 1 0 0 0 1 0 1 1 1 1 1 0 1 1 1 0 1 1 1 -
1 1 0 1 1 0 1 0 0 0 0 1 1 0 1 0 0 1 1 1 1 1 1 1 1 -
0 0 1 1 0 1 1 0 1 0 0 0 0 0 1 1 1 1 1 1 0 0 0 0 0 -
0 1 1 1 1 1 0 0 1 0 1 1 0 1 0 1 0 0 0 0 1 1 1 1 1 -
1 1 1 0 0 0 0 0 0 1 1 1 1 0 0 1 0 1 1 1 0 0 0 0 0 -
0 1 1 0 0 1 0 1 0 0 1 1 0 1 1 1 0 1 0 0 0 1 0 1 1 -
0 1 0 1 0 1 0 0 0 1 0 1 0 0 0 0 1 0 1 1 1 0 0 1 1 -
1 0 0 1 1 0 1 1 0 0 0 1 0 0 1 1 1 1 1 0 1 0 0 0 1 -
0 0 1 0 0 1 0 0 0 0 1 0 0 0 0 0 0 0 0 0 1 1 1 0 1 -
1 1 1 0 0 1 0 1 0 0 1 1 1 1 1 0 1 1 0 1 1 0 0 1 1 -
1 1 0 0 0 1 1 0 1 0 0 0 0 0 1 0 0 0 0 1 0 1 1 1 1 -
0 0 1 0 1 1 0 0 0 0 0 1 1 1 0 1 1 1 0 1 0 1 1 0 1 -
1 1 1 1 0 0 0 0 1 1 1 0 0 1 1 1 1 1 0 0 0 1 0 1 1 -
0 1 1 0 0 0 0 0 0 0 0 1 0 0 0 0 1 1 0 0 1 0 0 0 1 -
0 1 1 0 0 0 0 1 0 1 1 1 0 1 1 1 1 0 0 0 1 0 0 0 0 -
1 0 1 0 1 0 1 0 0 1 0 1 1 1 0 0 0 0 1 1 0 1 0 1 1 -
0 0 0 1 1 1 1 1 0 1 0 0 1 0 0 0 1 0 0 1 0 1 0 0 1 -
0 0 0 0 1 1 1 0 1 1 1 1 1 1 1 0 1 1 0 1 0 1 0 0 1 -
1 1 1 0 1 0 0 0 0 1 0 1 1 0 1 0 0 1 1 1 0 1 1 1 1 -
0 1 1 1 0 1 0 1 0 0 0 1 1 0 0 0 0 1 1 1 0 0 1 1 1 -
1 0 1 1 0 1 1 0 0 0 1 1 0 1 1 1 0 1 0 1 0 1 1 0 1 -
1 0 1 0 1 0 0 0 0 1 0 1 1 1 0 0 0 1 0 0 0 0 0 1 1 -
1 1 1 1 0 0 1 0 0 0 0 1 1 1 0 1 0 0 0 0 1 0 0 1 1 -
1 0 0 0 0 1 1 0 0 0 1 1 1 0 1 1 1 1 0 0 0 0 1 0 1 -
0 1 0 0 1 0 0 0 1 0 1 1 0 1 1 1 1 1 1 1 0 0 0 1 0 -
0 1 1 1 0 1 1 1 1 0 1 1 1 1 0 0 1 0 0 1 0 1 1 1 1 -
0 1 1 1 0 1 1 1 0 0 0 1 0 1 0 0 0 1 1 0 0 0 1 1 0 -
0 1 1 0 0 0 0 1 1 1 0 0 0 0 0 1 1 0 1 1 0 1 0 0 1 -
1 1 1 0 1 1 0 1 0 0 0 0 1 1 1 1 0 0 1 0 1 1 1 0 1 -
0 0 0 1 1 0 1 1 1 1 1 0 1 0 0 1 0 0 1 0 0 1 0 0 1 -
1 1 0 1 1 1 0 0 0 1 1 0 0 0 1 0 1 1 0 0 1 0 1 1 1 -
0 1 1 0 1 1 1 1 0 0 0 1 0 0 0 0 0 1 0 0 0 1 0 1 1 -
0 0 0 1 0 1 0 0 0 0 0 1 1 1 1 0 1 0 0 0 0 1 0 1 1 -
0 0 1 1 1 0 0 0 0 1 0 1 1 0 1 1 1 1 0 1 1 0 0 0 1 -
0 0 1 0 0 1 0 0 0 1 0 0 1 0 1 1 1 1 0 0 0 1 0 0 1 -
0 1 0 1 0 0 1 1 0 1 0 0 1 0 0 0 1 0 1 1 0 0 1 1 0 -
0 0 0 0 0 0 0 1 0 0 0 0 0 0 0 0 0 0 0 0 0 0 0 0 0 -
1 0 1 1 0 0 0 1 0 1 1 0 1 0 0 0 0 1 1 0 0 1 1 0 0 -
1 1 1 0 0 1 0 1 1 0 1 0 0 1 0 0 1 0 0 1 1 0 1 0 1 -
0 0 1 1 0 0 1 0 0 1 1 1 0 1 1 0 1 1 1 1 1 1 1 1 0 -
1 0 0 0 0 1 0 0 1 0 1 1 1 1 0 1 0 0 0 1 1 1 0 0 0 -
0 0 1 1 1 1 0 1 1 0 1 1 1 1 0 1 0 0 1 0 0 1 0 0 1 -
1 0 1 0 1 0 0 0 1 1 0 1 0 1 1 1 1 1 0 1 0 1 0 0 0 -
1 1 0 0 0 1 0 1 0 0 0 1 1 1 1 1 1 0 0 1 0 1 0 1 0 -
1 0 1 0 0 0 0 0 0 0 0 1 0 0 0 1 0 0 0 1 0 0 0 0 1 -
1 1 0 0 1 0 0 1 0 1 1 1 1 1 1 1 1 0 1 1 1 0 0 1 1 -
1 1 0 0 0 1 0 0 0 1 1 0 1 1 1 1 0 0 0 1 0 0 0 0 1 -
1 1 1 0 0 1 1 0 1 1 0 0 1 1 0 0 0 0 0 1 0 1 0 0 0 -
1 1 0 1 1 1 0 0 0 1 1 1 1 0 1 1 1 0 0 1 1 1 0 0 0 -
1 0 1 1 1 1 0 1 1 1 0 1 1 1 1 1 1 0 0 1 0 1 0 0 0 -
1 1 1 0 1 0 0 0 0 1 0 1 1 0 0 1 1 1 1 0 1 1 1 1 0 -
1 0 0 1 1 1 1 1 1 1 0 1 0 0 0 0 1 1 0 0 0 1 1 0 1 -
0 0 1 0 1 0 0 1 1 1 1 1 1 0 0 0 1 0 1 1 1 0 0 0 0 -
0 0 0 0 0 1 0 0 0 0 0 1 1 1 0 1 0 1 0 1 0 0 1 0 0 -
1 0 1 0 1 0 0 0 1 0 0 0 1 0 0 1 1 0 1 1 0 0 0 1 0 -
1 0 0 0 0 0 0 1 1 1 1 1 1 1 1 1 1 0 0 0 1 1 1 1 0 -
1 0 1 0 1 1 0 0 1 0 1 0 0 0 0 1 1 1 1 1 1 0 0 1 1 -
1 0 0 0 0 1 0 0 0 0 1 0 1 1 0 0 0 0 1 0 0 0 1 1 1 -
1 0 0 1 1 1 0 0 0 0 1 0 1 0 1 0 1 0 1 0 1 1 1 0 0 -
0 0 0 1 1 1 0 1 0 1 0 0 1 1 1 1 0 0 0 1 0 1 0 0 0 -
1 0 0 1 1 1 1 1 1 1 1 1 1 1 1 0 0 1 0 1 1 1 1 0 1 -
1 0 1 0 0 0 1 0 0 1 0 0 0 1 0 0 0 1 1 0 0 0 0 1 1 -
0 1 1 1 0 1 0 1 1 0 0 0 0 0 1 1 1 0 0 0 1 0 1 1 0 -
1 1 1 0 0 0 1 0 0 1 0 0 0 0 0 1 1 0 1 0 1 1 1 0 0 -
1 0 0 0 1 1 0 1 0 0 1 0 0 1 0 1 1 1 1 1 1 0 1 0 1 -
0 1 1 0 0 1 1 1 0 1 1 0 0 0 1 1 0 0 0 0 1 0 0 1 0 -
0 0 0 0 0 0 1 1 1 0 1 1 0 1 1 1 1 0 0 1 0 0 0 1 0 -
1 0 1 0 0 0 0 0 1 1 1 1 0 0 1 0 0 0 1 1 0 1 0 0 0 -
1 0 1 0 0 0 1 0 1 0 0 1 1 0 0 1 1 0 1 0 0 1 1 0 0 -
1 1 1 0 0 0 0 1 1 0 1 0 1 1 1 1 0 1 0 0 1 0 0 0 1 -
1 0 1 0 1 0 0 0 1 0 1 0 0 0 1 0 0 1 1 1 1 0 0 1 1 -
0 0 0 0 1 0 0 1 1 0 0 0 0 1 1 0 1 1 1 1 1 0 1 0 0 -
1 1 0 0 0 0 0 1 1 1 1 0 0 1 0 0 0 1 0 0 0 1 0 1 0 -
0 1 0 1 1 0 1 0 1 1 1 0 0 0 0 0 0 1 1 0 0 1 0 0 1 -
1 1 0 1 0 1 1 1 1 0 1 0 1 0 1 1 1 1 1 0 0 1 1 0 0 -
0 1 1 0 1 0 0 0 0 0 0 1 1 1 0 1 1 0 0 1 1 1 1 1 1 -
1 1 1 1 1 1 0 0 0 1 1 1 0 1 0 1 1 1 0 0 0 1 0 0 0 -
0 0 0 0 0 1 1 1 1 0 0 1 0 1 1 0 1 0 1 1 1 1 0 1 1 -
0 0 0 0 0 0 1 0 0 0 0 0 0 0 0 0 0 0 0 0 0 0 0 0 0 -
1 0 0 1 0 1 1 0 1 0 0 0 0 0 1 1 1 0 0 1 1 1 0 1 1 -
1 1 0 1 1 0 0 0 0 0 1 1 1 0 1 0 0 0 1 1 0 0 1 1 0 -
1 1 1 0 1 1 1 1 1 0 0 0 1 0 1 0 0 0 1 1 0 1 0 0 0 -
0 0 0 0 1 0 0 0 0 1 1 1 1 0 1 1 0 1 0 1 1 1 1 1 1 -
1 0 1 0 1 1 0 1 0 0 0 0 1 1 1 1 1 0 1 1 1 0 0 1 1 -
0 0 0 0 0 1 0 0 0 1 1 1 0 1 0 0 1 0 1 1 0 1 0 0 0 -
1 0 1 0 1 0 1 1 1 1 0 1 0 1 1 1 0 1 0 1 1 0 1 1 1 -
0 0 0 0 0 0 0 0 0 0 0 0 0 0 0 0 0 0 1 0 0 0 0 0 0 -
0 1 1 0 0 0 0 0 0 1 1 0 0 0 0 1 0 1 0 1 1 1 1 0 1 -
1 0 1 0 0 1 0 0 1 1 0 0 1 0 0 0 0 0 0 0 0 0 1 1 0 -
0 0 1 0 1 1 0 1 0 1 0 1 0 1 1 0 1 0 0 1 0 0 0 0 1 -
0 1 1 0 0 1 0 1 1 0 1 0 1 1 0 0 1 0 0 1 1 1 1 0 0 -
0 1 0 0 0 0 0 0 1 0 1 1 0 0 1 0 0 1 1 1 0 0 1 1 1 -
0 0 0 0 0 0 0 0 1 1 1 1 1 0 0 1 0 1 0 0 0 0 1 0 0 -
0 0 0 1 0 0 1 1 0 1 1 1 0 0 1 0 1 1 1 0 0 1 1 0 1 -
1 1 1 0 0 0 0 1 0 0 1 1 1 1 1 0 1 0 0 1 0 0 1 0 1 -
1 1 0 0 1 0 0 1 0 0 1 1 0 0 1 1 1 1 0 1 1 0 0 0 0 -
1 1 1 0 0 1 1 0 0 0 0 0 0 1 0 0 0 1 1 0 1 0 1 0 0 -
1 0 0 1 1 1 1 1 0 1 0 0 1 0 0 0 1 0 0 1 0 0 1 0 1 -
1 1 0 1 0 0 0 1 1 1 1 0 0 0 1 1 0 1 1 0 0 1 1 1 1 -
1 0 1 0 1 1 1 1 0 0 1 1 1 0 0 1 0 0 1 1 1 1 1 1 0 -
1 0 0 1 1 0 1 0 1 0 1 0 1 1 0 0 1 1 1 1 1 1 0 1 0 -
0 1 0 1 0 1 0 0 1 0 0 0 0 1 0 0 0 0 1 1 0 0 0 0 1 -
0 0 1 0 1 0 1 1 1 0 0 0 0 0 1 0 1 1 1 1 0 0 0 1 1 -
0 0 0 1 0 0 0 0 0 0 0 0 0 0 0 0 0 0 0 0 0 0 0 0 0 -
1 1 0 0 0 0 1 0 1 0 0 1 0 0 1 1 0 1 1 1 1 1 1 1 0 -
0 0 1 1 0 1 0 0 1 0 1 1 1 0 1 0 0 0 0 1 1 0 1 1 0 -
0 0 1 1 1 1 0 1 1 0 1 0 0 0 1 1 0 1 1 0 0 1 1 0 0 -
0 1 0 0 1 0 0 0 1 0 1 0 1 0 0 1 0 0 0 1 0 0 0 0 1 -
1 0 0 1 0 0 0 1 1 0 0 1 0 0 0 1 1 0 0 0 1 1 1 0 0 -
1 1 0 1 1 1 1 0 1 0 1 0 0 1 1 0 1 0 1 1 1 1 1 0 0 -
1 0 0 1 1 1 0 1 0 1 0 1 0 0 1 1 1 1 0 1 1 1 1 0 1 -
0 0 0 0 1 1 0 0 0 1 1 1 0 1 0 0 0 0 1 1 1 0 1 0 0 -
1 0 1 1 1 1 0 1 0 0 1 0 1 0 0 0 0 0 0 1 1 0 0 0 0 -
1 0 0 1 1 0 1 0 0 1 0 1 1 0 0 0 0 1 1 1 1 0 0 1 0 -
1 1 0 1 1 0 1 0 0 0 1 0 0 0 0 1 1 0 1 1 0 1 0 0 0 -
0 1 0 0 1 1 0 0 0 0 1 1 0 1 1 1 0 0 1 0 0 0 0 0 0 -
0 1 0 1 1 0 0 0 0 1 0 1 0 1 0 1 0 1 0 0 0 0 1 0 1 -
1 1 0 0 0 0 0 0 0 1 1 0 1 0 1 0 0 0 1 1 0 1 0 0 1 -
0 1 0 1 1 0 0 1 0 1 1 1 0 1 0 0 1 1 1 1 0 0 0 1 1 -
1 0 1 0 0 0 0 1 0 1 0 1 0 1 1 0 0 1 1 1 0 0 0 0 1 -
0 0 1 1 0 0 1 1 0 1 1 1 0 0 0 0 0 0 1 1 1 0 0 0 1 -
0 0 0 0 0 0 0 0 0 1 1 0 0 1 1 0 0 1 0 0 0 1 0 1 1 -
0 1 0 1 0 1 1 0 1 0 1 0 1 1 1 1 1 1 0 1 1 0 0 0 1 -
0 0 1 0 0 1 0 1 1 0 0 0 1 1 1 1 1 1 0 0 0 1 1 0 1 -
1 0 0 1 0 0 1 1 1 1 0 0 0 1 0 0 1 0 0 1 1 0 1 1 1 -
1 0 1 1 1 0 0 1 1 1 1 1 1 0 0 1 1 0 0 1 0 1 1 0 0 -
0 0 1 0 0 0 0 0 0 0 0 1 1 0 1 1 0 0 0 0 1 1 0 1 1 -
1 0 1 1 0 1 1 0 0 1 0 0 1 1 1 1 0 0 1 0 1 0 0 1 1 -
1 0 0 1 1 0 1 0 0 0 1 1 1 1 1 1 1 0 0 1 0 1 1 0 1 -
1 1 1 0 1 1 1 1 0 1 1 1 0 1 0 1 1 0 1 1 1 1 1 1 0 -
1 0 1 0 0 0 1 1 0 1 0 0 1 1 0 0 0 1 0 0 0 0 1 0 1 -
1 1 0 1 1 1 1 0 1 1 1 0 0 1 1 1 0 1 0 1 1 0 0 1 0 -
1 0 0 1 1 1 0 0 0 1 0 0 1 0 1 1 1 1 0 1 0 0 1 0 0 -
1 0 0 0 1 1 0 0 0 1 0 1 0 1 1 1 0 1 1 1 0 1 1 0 1 -
1 1 1 0 0 1 1 0 1 0 0 0 1 1 1 1 1 1 0 0 0 0 0 1 1 -
0 0 1 1 0 0 1 1 1 1 0 0 1 1 1 1 1 0 0 1 0 0 1 0 0 -
1 0 0 0 1 0 1 0 0 0 0 0 0 1 0 1 1 0 1 0 0 1 1 0 0 -
0 1 0 1 0 0 1 0 1 0 1 1 1 0 1 1 0 1 1 0 0 0 1 0 1 -
0 0 0 0 0 0 0 0 0 0 0 0 1 0 0 0 0 0 0 0 0 0 0 0 0 -
0 0 1 0 0 1 0 1 0 0 0 0 1 0 0 0 0 1 1 0 0 0 1 0 1 -
1 0 0 1 0 1 1 0 0 1 0 1 1 1 1 1 0 1 1 1 0 0 1 1 0 -
1 1 1 1 0 0 1 1 0 0 1 1 0 1 1 1 0 0 1 0 0 1 1 1 1 -
1 1 0 1 1 1 0 0 1 1 0 1 0 1 0 0 1 0 1 1 0 1 0 1 0 -
1 0 0 0 0 0 0 1 1 0 0 0 0 0 0 0 0 0 1 1 0 1 0 1 1 -
0 1 0 1 0 1 1 1 0 1 0 1 0 1 0 0 1 1 1 0 1 1 1 1 1 -
1 0 1 1 1 1 1 1 1 0 0 0 1 0 1 0 0 0 0 1 0 0 0 0 1 -
0 0 0 0 0 0 0 0 0 1 1 0 1 1 1 0 1 1 1 0 1 0 0 0 0 -
1 1 0 1 1 1 0 1 1 0 0 1 1 1 0 1 0 0 1 0 1 1 1 1 0 -
0 0 0 0 0 0 1 0 0 1 0 1 0 0 0 0 1 1 0 0 0 1 1 0 1 -
1 0 1 0 0 0 1 0 1 0 0 0 0 1 0 0 0 1 0 0 1 1 0 0 0 -
1 1 0 0 0 1 1 1 0 0 1 0 0 1 1 0 0 0 0 1 1 1 0 0 0 -
1 0 1 0 1 1 0 0 0 0 0 1 1 0 1 0 0 1 0 1 1 1 0 1 0 -
1 1 1 0 0 1 0 1 1 1 1 0 0 1 1 0 0 0 0 1 0 0 0 0 1 -
1 1 1 0 0 0 1 1 1 0 0 0 0 1 1 0 1 0 1 1 1 0 1 0 0 -
1 1 1 1 1 1 1 1 1 1 0 1 0 1 1 0 1 1 1 0 1 0 1 0 1 -
1 0 0 1 0 1 0 0 1 0 0 1 1 0 1 0 0 0 0 1 0 1 1 1 0 -
0 1 0 0 1 0 1 1 1 0 1 1 1 1 0 1 0 1 0 0 0 0 0 1 0 -
0 1 0 1 0 1 0 1 1 1 0 0 0 1 1 0 0 0 1 1 0 0 1 0 0 -
1 0 1 0 1 0 0 0 0 1 0 0 0 1 1 1 0 1 0 1 1 1 0 1 0 -
0 1 0 1 0 0 1 1 1 0 0 1 1 0 0 1 1 1 1 1 1 0 0 0 0 -
0 0 1 0 0 0 0 0 0 0 0 0 0 0 0 0 0 0 0 0 0 0 0 0 0 -
0 1 1 0 0 1 0 0 1 0 0 0 1 1 1 0 0 1 1 1 1 1 0 1 1 -
0 1 0 1 0 0 1 0 0 0 0 0 1 0 1 1 0 1 0 1 0 1 0 1 1 -
0 0 1 0 1 1 1 0 0 1 1 0 1 0 1 0 1 1 0 0 1 0 1 1 0 -
0 0 0 1 1 1 0 1 1 1 1 1 0 1 1 1 1 1 0 1 0 0 0 0 1 -
0 1 1 0 1 0 0 0 1 1 0 0 1 1 0 0 1 1 0 0 0 1 0 0 0 -
0 0 0 0 0 0 1 1 0 0 0 0 1 0 1 0 0 1 1 1 0 1 0 0 0 -
0 0 0 0 0 0 0 0 0 0 0 0 0 0 0 0 0 0 0 0 0 0 0 1 0 -
1 0 1 0 0 1 1 0 1 1 0 1 0 0 1 0 0 0 0 1 1 0 1 1 1 -
0 0 1 0 1 0 1 1 1 0 1 1 0 0 0 0 1 1 0 0 1 1 1 0 1 -
0 0 0 0 0 0 0 0 1 0 0 0 0 0 0 0 0 0 0 0 0 0 0 0 0 -
0 0 0 1 0 0 0 1 1 1 1 0 1 1 0 0 1 1 0 1 1 0 1 0 1 -
0 1 0 0 0 0 1 1 0 0 1 0 0 0 1 1 0 0 0 1 1 0 1 1 0 -
0 0 0 0 0 1 0 0 1 0 0 0 1 1 0 0 0 1 1 1 0 0 1 0 1 -
0 0 1 0 0 1 0 1 0 0 1 1 0 0 1 1 0 0 1 1 0 1 0 1 1 -
0 0 0 0 0 1 0 1 0 1 1 0 0 0 1 0 1 1 1 0 1 1 0 1 0 -
0 1 0 0 0 1 1 0 0 1 1 1 1 1 1 0 1 1 0 1 1 0 1 1 0 -
0 1 0 0 0 1 0 1 1 0 0 0 1 0 1 0 1 1 0 1 0 0 1 1 1 -
1 1 0 1 0 0 0 0 0 0 1 0 1 1 1 0 0 0 1 0 1 0 0 0 1 -
0 1 1 0 1 1 0 1 0 1 1 1 0 0 1 0 1 1 0 0 1 0 1 0 1 -
1 0 1 1 1 1 0 1 0 0 0 1 0 0 1 0 0 1 1 0 0 0 0 0 1 -
1 0 1 1 1 0 1 1 1 1 0 0 0 0 1 1 1 1 1 0 1 1 1 0 1 -
1 1 1 1 0 1 0 1 1 0 1 0 1 0 1 0 0 0 0 1 1 1 0 1 0 -
1 1 1 1 0 1 1 1 1 0 0 0 1 0 1 1 0 0 0 1 1 0 0 0 1 -
1 0 1 0 1 0 0 1 1 0 0 1 0 1 1 0 1 1 1 1 1 1 0 0 0 -
1 0 1 1 0 0 0 1 1 0 1 0 0 1 1 1 1 1 1 1 0 0 0 0 1 -
1 0 1 1 0 0 1 1 0 0 0 1 0 0 1 0 0 0 1 1 1 1 1 1 0 -
1 0 1 1 0 1 1 0 0 1 0 1 0 1 1 0 0 1 0 0 1 0 1 1 1 -
1 1 0 1 0 0 0 0 1 0 0 0 0 0 0 1 0 0 1 0 0 0 1 0 1 -
1 1 1 1 1 1 0 0 1 0 0 0 1 0 0 0 1 0 1 1 0 0 0 1 1 -
0 0 1 1 0 0 0 0 1 1 0 0 1 1 0 1 1 0 0 1 0 0 1 0 0 -
0 0 0 1 1 1 1 0 1 0 1 0 1 1 1 0 1 0 0 1 1 1 1 1 0 -
1 0 0 1 1 1 0 1 0 0 0 0 0 0 1 1 0 1 1 0 0 1 1 0 0 -
1 0 1 0 1 1 1 1 0 0 0 0 0 0 0 0 1 0 1 0 1 0 1 1 0 -
1 0 1 0 0 1 1 0 1 0 1 1 0 0 1 0 1 0 1 1 1 0 1 0 1 -
1 1 1 1 0 1 0 0 1 1 1 1 1 0 0 0 0 1 0 0 1 0 0 0 0 -
0 0 1 0 0 1 0 1 1 0 1 1 1 0 0 1 0 0 0 0 0 0 1 0 0 -
0 0 0 0 1 1 1 0 1 0 0 0 1 1 1 1 0 1 1 1 1 0 1 0 0 -
