;;; Generated exact cover problem
;;; 2023-09-27 02:31:47
;;; N = 15
;;; M = 15
;;; Solution: 11, 0, 8, 7, 3, 5, 12, 9, 4, 14, 10, 6, 1, 13, 2
0 1 0 0 0 0 0 0 0 0 0 0 0 0 0 -
0 0 0 0 0 0 0 0 0 0 0 0 1 0 0 -
0 0 0 0 0 0 0 0 0 0 0 0 0 0 1 -
0 0 0 0 1 0 0 0 0 0 0 0 0 0 0 -
0 0 0 0 0 0 0 0 1 0 0 0 0 0 0 -
0 0 0 0 0 1 0 0 0 0 0 0 0 0 0 -
0 0 0 0 0 0 0 0 0 0 0 1 0 0 0 -
0 0 0 1 0 0 0 0 0 0 0 0 0 0 0 -
0 0 1 0 0 0 0 0 0 0 0 0 0 0 0 -
0 0 0 0 0 0 0 1 0 0 0 0 0 0 0 -
0 0 0 0 0 0 0 0 0 0 1 0 0 0 0 -
1 0 0 0 0 0 0 0 0 0 0 0 0 0 0 -
0 0 0 0 0 0 1 0 0 0 0 0 0 0 0 -
0 0 0 0 0 0 0 0 0 0 0 0 0 1 0 -
0 0 0 0 0 0 0 0 0 1 0 0 0 0 0 -
