;;; Generated exact cover problem
;;; 2023-09-27 15:44:57
;;; N = 20
;;; M = 15
;;; Solution: 14, 17, 13, 1, 2, 6, 19, 11, 12, 18, 5, 0, 4, 10, 9
0 0 0 0 0 0 0 0 0 0 0 1 0 0 0 -
0 0 0 1 0 0 0 0 0 0 0 0 0 0 0 -
0 0 0 0 1 0 0 0 0 0 0 0 0 0 0 -
1 1 0 1 1 0 0 0 0 0 1 1 1 1 1 -
0 0 0 0 0 0 0 0 0 0 0 0 1 0 0 -
0 0 0 0 0 0 0 0 0 0 1 0 0 0 0 -
0 0 0 0 0 1 0 0 0 0 0 0 0 0 0 -
1 1 1 0 0 0 0 1 1 1 1 0 1 1 1 -
0 1 0 0 0 1 0 0 0 0 0 1 1 0 0 -
0 0 0 0 0 0 0 0 0 0 0 0 0 0 1 -
0 0 0 0 0 0 0 0 0 0 0 0 0 1 0 -
0 0 0 0 0 0 0 1 0 0 0 0 0 0 0 -
0 0 0 0 0 0 0 0 1 0 0 0 0 0 0 -
0 0 1 0 0 0 0 0 0 0 0 0 0 0 0 -
1 0 0 0 0 0 0 0 0 0 0 0 0 0 0 -
1 1 0 0 0 1 1 1 1 1 0 0 0 1 1 -
1 1 1 1 1 0 0 0 0 1 0 0 0 0 1 -
0 1 0 0 0 0 0 0 0 0 0 0 0 0 0 -
0 0 0 0 0 0 0 0 0 1 0 0 0 0 0 -
0 0 0 0 0 0 1 0 0 0 0 0 0 0 0 -
